12 34 02 0C 33 01 
12 34 E2 00 0E 01 
12 34 02 0C 36 02 
12 34 02 0C 37 01 
12 34 02 0C 38 01 
12 34 02 0C 38 01 
12 34 01 0C 39 01 
12 34 02 0D 39 01 
12 34 02 0D 3A 01 
12 34 02 0C 3A 01 
12 34 02 0C 3A 01 
12 34 02 0C 3A 01 
12 34 02 0C 3A 01 
12 34 02 0C 3A 01 
12 34 02 0C 3A 01 
12 34 02 0C 39 01 
12 34 02 0C 39 01 
12 34 02 0C 39 01 
12 34 02 0B 38 01 
12 34 02 0B 38 01 
12 34 02 0B 38 01 
12 34 02 0B 38 01 
12 34 02 0B 37 01 
12 34 02 0B 37 01 
12 34 02 0A 36 01 
12 34 02 0A 36 01 
12 34 02 0A 36 01 
12 34 02 0A 35 01 
12 34 02 0A 35 01 
12 34 02 0A 36 01 
12 34 02 0A 36 02 
12 34 02 0A 36 01 
12 34 02 0A 37 01 
12 34 02 0A 37 01 
12 34 02 0A 37 01 
12 34 02 0A 37 01 
12 34 02 0A 36 01 
12 34 02 0A 36 01 
12 34 02 0A 36 01 
12 34 02 0A 36 01 
12 34 02 09 37 01 
12 34 02 09 37 01 
12 34 02 0A 38 02 
12 34 02 09 38 01 
12 34 02 09 38 01 
12 34 02 09 38 01 
12 34 02 09 37 01 
12 34 02 09 37 01 
12 34 02 09 36 01 
12 34 02 08 35 01 
12 34 02 08 34 01 
12 34 02 08 34 01 
12 34 02 08 33 01 
12 34 02 08 33 01 
12 34 02 08 32 02 
12 34 02 08 33 01 
12 34 02 08 33 01 
12 34 02 08 34 01 
12 34 02 09 35 02 
12 34 02 09 36 01 
12 34 02 09 37 01 
12 34 02 0A 38 01 
12 34 02 0A 38 01 
12 34 02 0A 39 01 
12 34 02 0A 3A 01 
12 34 02 0A 3A 01 
12 34 02 0A 3A 02 
12 34 02 0A 3A 01 
12 34 02 0A 3A 01 
12 34 02 0A 3A 01 
12 34 02 0A 3A 01 
12 34 02 0A 3A 01 
12 34 02 0A 3A 01 
12 34 02 0A 3A 01 
12 34 02 0A 3A 01 
12 34 02 0A 39 02 
12 34 02 0A 39 01 
12 34 02 0A 39 01 
12 34 02 0A 39 01 
12 34 02 0A 3A 01 
12 34 02 0A 3A 01 
12 34 02 0A 3B 01 
12 34 02 0B 3C 01 
12 34 02 0B 3C 01 
12 34 02 0B 3D 01 
12 34 02 0B 3C 01 
12 34 02 0B 3C 01 
12 34 02 0B 3C 01 
12 34 02 0A 3B 01 
12 34 02 0A 3A 01 
12 34 02 0A 39 01 
12 34 02 0A 38 01 
12 34 02 09 38 01 
12 34 02 09 37 01 
12 34 02 09 37 01 
12 34 02 0A 38 01 
12 34 02 0B 3C 01 
12 34 02 0D 44 01 
12 34 02 10 4E 01 
12 34 02 12 57 01 
12 34 02 15 5E 02 
12 34 02 17 64 01 
12 34 02 19 6A 01 
2 34 02 20 76 01 
12 34 02 21 78 01 
12 34 02 22 7A 01 
12 34 02 23 7B 01 
12 34 02 24 7D 01 
12 34 02 25 7E 02 
12 34 03 25 7F 01 
12 34 02 26 7F 01 
12 34 02 26 7F 01 
12 34 02 26 80 01 
12 34 03 26 80 01 
12 34 02 26 80 01 
12 34 02 26 80 01 
12 34 02 26 80 02 
12 34 02 26 80 01 
12 34 03 26 80 01 
12 34 02 26 81 01 
12 34 02 26 81 01 
12 34 02 26 82 01 
12 34 02 27 82 01 
12 34 03 27 83 01 
12 34 02 27 83 01 
12 34 02 27 83 01 
12 34 02 27 83 01 
12 34 03 27 84 01 
12 34 02 27 84 01 
12 34 02 27 84 02 
12 34 02 27 85 01 
12 34 03 27 85 01 
12 34 02 28 85 01 
12 34 02 28 86 01 
12 34 03 28 86 01 
12 34 03 28 86 01 
12 34 02 28 86 01 
12 34 02 28 86 01 
12 34 03 28 86 01 
12 34 03 28 86 01 
12 34 03 28 87 01 
12 34 02 28 87 01 
12 34 02 28 87 02 
12 34 03 28 86 01 
12 34 03 28 86 01 
12 34 03 28 86 01 
12 34 02 28 87 01 
12 34 02 28 87 01 
12 34 03 28 86 01 
12 34 02 28 86 01 
12 34 02 28 86 01 
12 34 03 27 86 01 
12 34 03 27 85 01 
12 34 03 26 84 01 
12 34 02 26 84 01 
12 34 02 25 83 01 
12 34 02 24 82 01 
12 34 03 24 81 01 
12 34 03 23 81 01 
12 34 02 23 80 02 
12 34 03 22 80 01 
12 34 03 22 7F 01 
12 34 03 21 7F 01 
12 34 02 21 7F 01 
12 34 02 21 7E 01 
12 34 03 20 7D 01 
12 34 03 20 7D 01 
12 34 02 1F 7C 02 
12 34 02 1F 7B 01 
12 34 02 1E 7B 01 
12 34 03 1E 7A 01 
12 34 03 1E 7A 01 
12 34 02 1D 79 02 
12 34 02 1D 79 01 
12 34 03 1D 79 01 
12 34 03 1D 79 01 
12 34 02 1D 79 01 
12 34 02 1D 79 02 
12 34 02 1D 79 01 
12 34 03 1E 79 01 
12 34 03 1E 7A 01 
12 34 02 1E 7A 01 
12 34 02 1E 7B 01 
12 34 03 1E 7B 01 
12 34 03 1F 7B 01 
12 34 02 1F 7B 01 
12 34 02 1F 7B 02 
12 34 02 1F 7B 01 
12 34 03 1F 7A 01 
12 34 03 1F 7A 01 
12 34 02 1E 7A 01 
12 34 02 1E 7A 02 
12 34 03 1E 7A 01 
12 34 03 1E 79 01 
12 34 03 1E 79 01 
12 34 02 1E 79 01 
12 34 02 1E 79 02 
12 34 03 1E 79 01 
12 34 03 1E 79 01 
12 34 03 1E 79 01 
12 34 02 1E 7A 01 
12 34 02 1E 7A 01 
12 34 03 1E 7A 01 
12 34 E2 00 0E 01 
12 34 03 1F 7B 01 
12 34 02 1F 7B 02 
12 34 02 1F 7B 01 
12 34 03 1F 7B 01 
12 34 03 1F 7B 01 
12 34 02 1F 7B 01 
12 34 02 1F 7B 01 
12 34 03 1F 7B 01 
12 34 03 1F 7B 01 
12 34 03 1F 7A 01 
12 34 02 1F 7A 01 
12 34 02 1F 7A 01 
12 34 02 1E 7A 01 
12 34 03 1E 7A 01 
12 34 03 1E 79 01 
12 34 03 1E 79 01 
12 34 02 1D 78 01 
12 34 03 1D 78 01 
12 34 03 1C 77 01 
12 34 03 1C 77 01 
12 34 02 1C 76 01 
12 34 02 1C 76 02 
12 34 03 1B 75 01 
12 34 03 1B 75 01 
12 34 02 1B 74 01 
12 34 02 1A 74 01 
12 34 02 1A 73 01 
12 34 03 1A 73 01 
12 34 03 1A 73 01 
12 34 02 1A 73 02 
12 34 02 1A 73 02 
12 34 03 1A 73 01 
12 34 03 1A 73 01 
12 34 03 1A 73 02 
12 34 02 1A 73 02 
12 34 02 1A 74 01 
12 34 03 1A 74 01 
12 34 03 1A 74 01 
12 34 02 1A 74 01 
12 34 02 1B 74 01 
12 34 02 1B 74 01 
12 34 03 1B 74 01 
12 34 03 1B 74 01 
12 34 02 1B 74 02 
12 34 02 1B 74 01 
12 34 03 1B 74 01 
12 34 03 1B 75 01 
12 34 03 1B 75 01 
12 34 02 1B 75 02 
12 34 02 1B 75 01 
12 34 03 1B 74 01 
12 34 03 1B 74 01 
12 34 02 1B 74 01 
12 34 02 1B 74 02 
12 34 02 1B 74 01 
12 34 03 1B 74 01 
12 34 03 1B 74 01 
12 34 02 1B 74 01 
12 34 02 1B 74 02 
12 34 03 1B 74 01 
12 34 03 1B 74 01 
12 34 03 1B 74 01 
12 34 02 1B 74 01 
12 34 02 1B 74 01 
12 34 03 1B 74 01 
12 34 03 1B 73 01 
12 34 03 1B 73 01 
12 34 02 1B 73 01 
12 34 03 1A 72 01 
12 34 03 1A 72 01 
12 34 03 1A 72 01 
12 34 02 1A 72 01 
12 34 02 1A 72 02 
12 34 02 1A 71 01 
12 34 03 1A 71 01 
12 34 03 1A 71 00 
12 34 02 1A 71 01 
12 34 02 1A 70 02 
12 34 03 19 70 01 
12 34 03 19 70 01 
12 34 03 19 6F 01 
12 34 02 19 6F 01 
12 34 02 19 6F 01 
12 34 03 19 6F 01 
12 34 03 19 6F 01 
12 34 02 1A 70 01 
12 34 02 1A 70 01 
12 34 02 1A 71 01 
12 34 03 1A 71 01 
12 34 03 1A 70 01 
12 34 02 1A 70 01 
12 34 02 1A 70 01 
12 34 02 1A 6F 01 
12 34 03 1A 6F 01 
12 34 02 1A 6F 01 
12 34 02 1A 6F 02 
12 34 02 1A 6F 02 
12 34 03 1A 6F 01 
12 34 03 1A 70 01 
12 34 03 1B 70 01 
12 34 02 1B 71 01 
2 34 03 1C 73 01 
12 34 03 1C 73 01 
12 34 02 1C 73 01 
12 34 03 1C 73 01 
12 34 03 1C 74 01 
12 34 03 1C 74 01 
12 34 03 1C 74 02 
12 34 02 1D 74 01 
12 34 03 1D 75 01 
12 34 03 1D 75 01 
12 34 03 1D 76 01 
12 34 02 1D 76 02 
12 34 03 1D 76 01 
12 34 03 1D 76 01 
12 34 03 1D 76 01 
12 34 02 1D 76 01 
12 34 02 1D 76 01 
12 34 03 1D 75 01 
12 34 03 1D 75 01 
12 34 03 1D 75 01 
12 34 02 1C 75 02 
12 34 02 1C 74 01 
12 34 03 1C 74 01 
12 34 03 1C 74 01 
12 34 02 1C 73 01 
12 34 02 1B 73 02 
12 34 03 1B 73 01 
12 34 03 1B 72 01 
12 34 02 1B 72 01 
12 34 02 1A 72 01 
12 34 03 1A 72 01 
12 34 03 1A 71 01 
12 34 03 1A 71 01 
12 34 02 1A 71 01 
12 34 02 1A 71 01 
12 34 03 19 70 01 
12 34 03 19 70 01 
12 34 02 19 70 02 
12 34 03 19 6F 01 
12 34 03 19 6F 01 
12 34 03 19 6F 01 
12 34 03 19 6F 01 
12 34 02 18 6F 01 
12 34 03 18 6E 01 
12 34 03 18 6E 01 
12 34 03 18 6D 01 
12 34 02 18 6D 01 
12 34 02 17 6C 01 
12 34 03 17 6C 01 
12 34 03 17 6B 01 
12 34 02 17 6B 01 
12 34 03 16 6A 01 
12 34 03 16 71 01 
12 34 03 16 69 01 
12 34 02 15 68 01 
12 34 03 15 67 01 
12 34 03 15 67 01 
12 34 03 14 66 01 
12 34 02 14 65 01 
12 34 02 14 65 01 
12 34 03 14 65 01 
12 34 03 14 64 01 
12 34 02 14 64 01 
12 34 02 13 64 01 
12 34 03 13 64 01 
12 34 03 13 63 01 
12 34 02 13 63 01 
12 34 03 13 62 01 
12 34 03 13 62 01 
12 34 03 12 61 01 
12 34 02 12 60 01 
12 34 03 12 5F 01 
12 34 03 11 5F 01 
12 34 03 11 5E 01 
12 34 02 10 5D 01 
12 34 02 10 5C 01 
12 34 03 10 5B 01 
12 34 02 0F 5A 01 
12 34 02 0F 5A 01 
12 34 02 0F 59 01 
12 34 03 0E 58 01 
12 34 03 0E 57 01 
12 34 02 0E 56 02 
12 34 03 0D 56 01 
12 34 03 0D 55 01 
12 34 02 0D 54 01 
12 34 02 0D 54 02 
12 34 02 0D 53 01 
12 34 03 0D 54 01 
12 34 03 0D 54 01 
12 34 02 0D 54 01 
12 34 02 0D 54 01 
12 34 03 0D 54 01 
12 34 03 0D 54 01 
12 34 02 0D 54 01 
12 34 02 0D 54 01 
12 34 03 0D 54 01 
12 34 02 0D 54 01 
12 34 02 0D 53 02 
12 34 02 0D 53 01 
12 34 E2 00 0E 01 
12 34 02 0C 53 01 
12 34 02 0C 52 02 
12 34 02 0C 52 01 
12 34 03 0C 51 01 
12 34 02 0C 51 01 
12 34 02 0C 51 01 
12 34 03 0C 50 01 
12 34 03 0C 50 01 
12 34 03 0C 50 01 
12 34 02 0C 50 01 
12 34 02 0C 50 01 
12 34 03 0C 50 01 
12 34 03 0C 51 01 
12 34 02 0C 51 02 
12 34 02 0C 52 01 
12 34 03 0C 52 01 
12 34 03 0D 53 01 
12 34 02 0D 53 01 
12 34 02 0D 53 01 
12 34 03 0D 54 01 
12 34 02 0D 54 01 
12 34 02 0D 54 02 
12 34 02 0D 54 01 
12 34 03 0D 54 01 
12 34 02 0D 54 01 
12 34 02 0D 54 01 
12 34 02 0D 54 01 
12 34 03 0E 54 01 
12 34 03 0E 54 01 
12 34 02 0E 54 01 
12 34 02 0E 54 01 
12 34 03 0E 54 01 
12 34 03 0E 55 01 
12 34 02 0E 55 01 
12 34 02 0E 55 01 
12 34 03 0E 56 01 
12 34 03 0E 56 01 
12 34 02 0E 56 01 
12 34 02 0E 56 01 
12 34 02 0E 56 01 
12 34 03 0E 56 01 
12 34 02 0F 56 01 
12 34 02 0E 56 02 
12 34 03 0E 56 01 
12 34 03 0E 55 01 
12 34 02 0E 55 01 
12 34 02 0E 54 02 
12 34 03 0E 54 01 
12 34 03 0E 54 01 
12 34 02 0E 54 01 
12 34 02 0E 54 01 
12 34 02 0D 54 01 
12 34 02 0D 54 01 
12 34 03 0D 54 01 
12 34 02 0D 53 01 
12 34 02 0D 52 01 
12 34 02 0C 51 01 
12 34 03 0C 51 01 
12 34 03 0D 51 01 
12 34 02 0D 52 01 
12 34 03 0E 54 01 
12 34 03 0F 56 01 
12 34 03 10 59 01 
12 34 02 11 5B 01 
12 34 03 12 5D 02 
12 34 03 13 5E 01 
12 34 03 13 5F 01 
12 34 02 13 5E 01 
12 34 02 13 5E 01 
12 34 02 12 5D 01 
12 34 03 12 5C 01 
12 34 02 11 5A 01 
12 34 02 11 59 02 
12 34 03 10 58 01 
12 34 03 10 56 01 
12 34 02 0F 55 01 
12 34 02 0E 53 01 
12 34 03 0E 52 01 
12 34 03 0D 51 01 
12 34 02 0D 4F 01 
12 34 02 0C 4E 02 
12 34 03 0B 4D 01 
12 34 03 0B 4C 01 
12 34 02 0B 4B 01 
12 34 02 0A 4A 02 
12 34 02 0A 49 01 
12 34 03 0A 49 01 
12 34 03 0A 49 01 
12 34 02 0A 49 01 
12 34 02 0A 4A 01 
12 34 03 0A 4A 01 
12 34 02 0B 4B 01 
12 34 02 0B 4B 01 
12 34 02 0B 4C 01 
12 34 03 0B 4D 01 
12 34 03 0C 4E 01 
12 34 02 0C 4E 01 
12 34 02 0C 4F 02 
12 34 03 0D 50 01 
12 34 03 0D 51 01 
12 34 02 0E 52 01 
2 34 03 0F 54 01 
12 34 02 0F 54 01 
12 34 02 0F 54 02 
12 34 02 0F 54 01 
12 34 03 10 55 01 
12 34 03 10 55 01 
12 34 02 10 56 01 
12 34 02 11 56 01 
12 34 03 11 56 01 
12 34 03 10 56 01 
12 34 02 10 56 01 
12 34 02 11 56 01 
12 34 03 11 56 01 
12 34 03 11 56 01 
12 34 02 11 56 01 
12 34 02 10 56 01 
12 34 02 10 55 01 
12 34 03 10 55 01 
12 34 02 10 54 01 
12 34 02 10 54 01 
12 34 02 10 53 01 
12 34 03 0F 52 01 
12 34 03 0F 51 01 
12 34 02 0F 51 01 
12 34 02 0E 50 01 
12 34 02 0E 4F 01 
12 34 03 0E 4E 01 
12 34 02 0D 4D 01 
12 34 02 0D 4C 01 
12 34 02 0C 4B 01 
12 34 03 0C 4A 01 
12 34 03 0C 49 01 
12 34 02 0C 49 01 
12 34 02 0C 49 01 
12 34 03 0C 49 01 
12 34 03 0B 48 01 
12 34 02 0B 48 01 
12 34 02 0B 48 01 
12 34 02 0C 48 01 
12 34 03 0C 49 01 
12 34 03 0D 4B 01 
12 34 02 0E 4D 02 
12 34 02 0F 50 02 
12 34 03 10 52 01 
12 34 03 10 54 01 
12 34 02 11 56 01 
12 34 02 12 57 01 
12 34 02 13 59 01 
12 34 03 13 5B 01 
12 34 03 14 5C 01 
12 34 02 14 5D 01 
12 34 02 14 5D 01 
12 34 03 14 5D 01 
12 34 03 14 5D 01 
12 34 03 14 5D 01 
12 34 02 14 5D 02 
12 34 02 15 5D 01 
12 34 03 15 5E 01 
12 34 02 15 5E 01 
12 34 02 16 5F 01 
12 34 02 16 60 02 
12 34 03 16 61 01 
12 34 03 17 62 01 
12 34 02 17 62 01 
12 34 02 16 61 02 
12 34 02 16 60 01 
12 34 03 16 60 01 
12 34 03 15 5F 01 
12 34 02 15 5E 01 
12 34 02 14 5D 01 
12 34 03 14 5C 01 
12 34 03 13 5B 01 
12 34 02 13 59 01 
12 34 02 12 59 01 
12 34 02 12 58 01 
12 34 03 11 57 01 
12 34 02 11 56 01 
12 34 02 11 55 01 
12 34 02 11 55 01 
12 34 03 10 54 01 
12 34 03 10 54 01 
12 34 02 10 53 01 
12 34 02 10 53 01 
12 34 02 10 53 02 
12 34 02 10 52 01 
12 34 03 10 52 01 
12 34 03 10 51 01 
12 34 03 0F 51 01 
12 34 02 0F 50 02 
12 34 02 0F 50 01 
12 34 03 0F 4F 01 
12 34 02 0F 4F 01 
12 34 02 0F 4E 01 
12 34 02 0F 4D 01 
12 34 02 0E 4D 01 
12 34 03 0E 4C 01 
12 34 03 0E 4C 01 
12 34 02 0E 4B 02 
12 34 02 0D 4A 02 
12 34 02 0D 4A 01 
12 34 E2 00 0E 01 
12 34 02 0D 48 01 
12 34 02 0C 47 01 
12 34 02 0C 47 01 
12 34 03 0C 46 01 
12 34 03 0B 45 01 
12 34 02 0B 44 01 
12 34 02 0B 44 01 
12 34 03 0B 44 01 
12 34 03 0B 44 01 
12 34 03 0B 44 01 
12 34 02 0B 44 01 
12 34 02 0B 44 01 
12 34 02 0B 45 01 
12 34 03 0B 45 01 
12 34 03 0B 45 01 
12 34 02 0B 44 02 
12 34 02 0B 44 01 
12 34 03 0B 44 01 
12 34 03 0B 44 01 
12 34 02 0B 45 01 
12 34 02 0C 46 02 
12 34 02 0C 48 02 
12 34 03 0E 4C 01 
12 34 03 0F 50 01 
12 34 02 11 54 01 
12 34 02 12 58 02 
12 34 02 14 5B 01 
12 34 03 15 5E 01 
12 34 02 16 60 01 
12 34 02 17 62 02 
12 34 02 18 63 02 
12 34 03 18 64 01 
12 34 03 19 65 01 
12 34 03 19 65 01 
12 34 02 19 65 01 
12 34 02 19 65 01 
12 34 03 1A 65 01 
12 34 03 1A 65 01 
12 34 02 1A 65 01 
12 34 02 1A 65 02 
12 34 03 19 65 01 
12 34 03 19 65 01 
12 34 03 19 65 01 
12 34 02 19 64 01 
12 34 03 19 64 01 
12 34 03 19 64 01 
12 34 03 19 64 01 
12 34 02 19 64 02 
12 34 02 19 64 02 
12 34 03 19 64 01 
12 34 04 1A 65 00 
12 34 02 1A 67 01 
12 34 01 1B 68 02 
12 34 03 1C 69 02 
12 34 04 1C 6A 00 
12 34 03 1D 6B 00 
12 34 01 1D 6B 02 
12 34 02 1E 6C 02 
12 34 03 1E 6C 01 
12 34 03 1E 6C 01 
12 34 02 1E 6C 01 
12 34 02 1E 6B 01 
12 34 03 1D 6A 01 
12 34 03 1D 69 01 
12 34 03 1C 68 01 
12 34 02 1B 66 01 
12 34 03 1B 65 01 
12 34 03 1A 64 01 
12 34 03 19 62 01 
12 34 02 18 61 01 
12 34 02 18 60 01 
12 34 03 17 5F 01 
12 34 03 16 5D 01 
12 34 03 16 5C 01 
12 34 02 15 5B 02 
12 34 02 14 5A 01 
12 34 03 14 59 01 
12 34 03 13 59 01 
12 34 02 13 58 01 
12 34 02 13 57 01 
12 34 03 12 56 01 
12 34 03 12 54 01 
12 34 02 11 54 01 
12 34 02 11 53 01 
12 34 02 10 52 01 
12 34 03 10 51 01 
12 34 02 10 50 01 
12 34 02 0F 4F 01 
12 34 02 0F 4E 01 
12 34 03 0F 4E 01 
12 34 02 0F 4D 01 
12 34 02 0E 4D 01 
12 34 02 0E 4C 01 
12 34 03 0E 4C 01 
12 34 03 0E 4C 01 
12 34 03 0E 4B 01 
12 34 02 0E 4B 01 
12 34 02 0E 4B 01 
12 34 03 0E 4A 01 
12 34 03 0E 4B 01 
12 34 03 0E 4B 01 
2 34 03 0F 4D 01 
12 34 02 10 4E 01 
12 34 02 10 4F 01 
12 34 03 11 50 01 
12 34 03 12 51 01 
12 34 02 12 52 01 
12 34 02 13 53 01 
12 34 03 14 54 01 
12 34 03 14 55 01 
12 34 03 15 56 01 
12 34 02 15 57 02 
12 34 02 15 57 02 
12 34 03 15 57 01 
12 34 03 16 57 01 
12 34 03 16 58 01 
12 34 02 16 58 01 
12 34 02 16 58 02 
12 34 03 16 58 01 
12 34 03 16 57 01 
12 34 02 16 57 01 
12 34 02 15 57 02 
12 34 03 15 56 01 
12 34 03 15 56 01 
12 34 03 15 56 01 
12 34 02 15 56 01 
12 34 03 15 57 02 
12 34 03 15 56 01 
12 34 03 15 56 01 
12 34 03 15 56 01 
12 34 02 15 56 02 
12 34 03 15 56 01 
12 34 03 15 57 01 
12 34 03 15 58 01 
12 34 02 16 59 01 
12 34 03 16 5A 02 
12 34 03 16 5B 01 
12 34 03 16 5B 00 
12 34 02 16 5B 01 
12 34 02 16 5B 02 
12 34 03 16 5B 01 
12 34 04 17 5C 00 
12 34 03 17 5C 01 
12 34 01 18 5E 02 
12 34 02 19 5F 02 
12 34 04 1A 61 10 
12 34 04 1A 63 00 
12 34 02 1A 63 01 
12 34 01 1B 63 02 
12 34 03 1A 63 01 
12 34 04 1A 63 00 
12 34 02 1A 63 01 
12 34 01 1A 63 02 
12 34 02 1A 62 01 
12 34 04 1A 62 00 
12 34 03 1A 62 00 
12 34 02 1A 62 02 
12 34 02 1A 62 01 
12 34 03 19 61 01 
12 34 03 19 61 01 
12 34 02 19 60 02 
12 34 02 18 60 02 
12 34 03 18 5F 01 
12 34 03 18 5E 01 
12 34 02 17 5D 01 
12 34 02 17 5C 02 
12 34 03 16 5B 01 
12 34 04 16 5A 01 
12 34 02 15 5A 01 
12 34 02 15 59 02 
12 34 03 15 58 01 
12 34 03 14 58 01 
12 34 02 14 57 01 
12 34 02 14 57 02 
12 34 03 14 56 01 
12 34 03 13 55 01 
12 34 03 13 55 01 
12 34 02 13 55 02 
12 34 03 13 55 02 
12 34 04 13 55 00 
12 34 02 13 55 01 
12 34 02 13 55 02 
12 34 03 13 54 01 
12 34 03 13 54 01 
12 34 03 13 54 01 
12 34 02 13 53 02 
12 34 03 12 52 01 
12 34 03 12 52 01 
12 34 03 12 51 01 
12 34 02 11 50 02 
12 34 02 11 50 01 
12 34 03 11 4F 00 
12 34 03 11 4F 01 
12 34 02 11 4F 02 
12 34 03 10 4E 02 
12 34 03 10 4E 01 
12 34 03 10 4D 01 
12 34 02 10 4D 02 
12 34 03 10 4C 01 
12 34 03 0F 4C 01 
12 34 03 0F 4B 01 
12 34 E2 00 0E 02 
12 34 03 0F 4B 01 
12 34 03 0F 4A 01 
12 34 03 0F 49 01 
12 34 02 0F 49 01 
12 34 02 0E 48 01 
12 34 03 0E 47 01 
12 34 03 0E 46 01 
12 34 02 0D 45 02 
12 34 02 0D 44 01 
12 34 03 0C 43 01 
12 34 03 0C 42 01 
12 34 02 0C 41 01 
12 34 03 0B 40 01 
12 34 03 0B 3F 01 
12 34 02 0A 3D 01 
12 34 02 0A 3C 02 
12 34 02 09 3B 02 
12 34 03 09 3A 01 
12 34 03 09 3A 01 
12 34 02 09 39 01 
12 34 03 08 39 01 
12 34 03 08 39 01 
12 34 03 08 39 01 
12 34 03 08 3A 01 
12 34 02 08 3A 01 
12 34 03 09 3A 01 
12 34 03 09 3A 01 
12 34 02 09 3B 01 
12 34 02 09 3B 01 
12 34 03 09 3B 01 
12 34 03 09 3B 01 
12 34 03 09 3C 01 
12 34 02 09 3C 01 
12 34 03 09 3C 01 
12 34 03 09 3C 01 
12 34 03 09 3D 01 
12 34 02 09 3E 02 
12 34 03 0A 40 01 
12 34 03 0A 41 01 
12 34 02 0B 42 01 
12 34 02 0B 44 02 
12 34 02 0C 45 01 
12 34 03 0C 47 01 
12 34 03 0D 49 01 
12 34 02 0E 4B 01 
12 34 02 0E 4C 01 
12 34 03 0F 4E 01 
12 34 03 0F 50 01 
12 34 02 10 51 01 
12 34 03 10 51 01 
12 34 03 10 52 01 
12 34 02 10 52 01 
12 34 02 10 52 01 
12 34 03 10 53 01 
12 34 03 10 52 01 
12 34 02 10 52 01 
12 34 02 10 52 01 
12 34 03 10 52 01 
12 34 03 10 52 01 
12 34 03 10 51 01 
12 34 02 10 50 01 
12 34 02 0F 4F 01 
12 34 03 0F 4F 01 
12 34 03 0F 4E 01 
12 34 02 0E 4D 01 
12 34 02 0E 4C 01 
12 34 03 0E 4C 01 
12 34 03 0D 4B 01 
12 34 02 0D 4A 02 
12 34 02 0D 49 01 
12 34 03 0D 49 01 
12 34 03 0C 48 01 
12 34 02 0C 47 01 
12 34 02 0B 46 02 
12 34 03 0B 45 01 
12 34 03 0B 44 01 
12 34 02 0B 43 01 
12 34 02 0A 42 01 
12 34 03 0A 42 01 
12 34 03 0A 41 01 
12 34 02 0A 41 01 
12 34 02 0A 41 02 
12 34 03 0A 41 01 
12 34 03 0A 41 01 
12 34 02 0A 41 01 
12 34 03 0A 41 01 
12 34 03 09 40 01 
12 34 03 09 40 01 
12 34 02 09 40 01 
12 34 02 09 3F 02 
12 34 03 09 3F 01 
12 34 03 0A 40 01 
12 34 02 0A 41 01 
12 34 02 0A 42 02 
12 34 03 0B 43 01 
12 34 03 0B 44 01 
12 34 03 0B 45 01 
12 34 02 0C 46 02 
12 34 03 0C 46 01 
12 34 03 0C 47 01 
12 34 02 0D 47 01 
2 34 03 0E 4A 01 
12 34 02 0E 4B 01 
12 34 02 0F 4B 02 
12 34 02 0F 4C 01 
12 34 03 0F 4C 01 
12 34 03 0F 4C 01 
12 34 02 0F 4C 02 
12 34 02 0F 4C 01 
12 34 03 0F 4B 01 
12 34 03 0F 4B 01 
12 34 02 0F 4B 01 
12 34 02 0F 4A 01 
12 34 03 0F 4A 01 
12 34 03 0E 49 01 
12 34 02 0E 49 01 
12 34 02 0E 48 01 
12 34 03 0E 48 01 
12 34 03 0E 47 01 
12 34 02 0E 47 01 
12 34 02 0D 47 02 
12 34 03 0D 46 01 
12 34 03 0D 46 01 
12 34 02 0D 45 01 
12 34 02 0D 45 02 
12 34 02 0D 45 01 
12 34 03 0D 44 01 
12 34 03 0D 44 01 
12 34 02 0D 44 02 
12 34 02 0D 44 01 
12 34 03 0D 44 01 
12 34 03 0D 43 01 
12 34 02 0D 43 01 
12 34 02 0D 43 02 
12 34 03 0D 43 01 
12 34 03 0D 43 00 
12 34 02 0D 42 01 
12 34 02 0C 42 01 
12 34 02 0C 41 01 
12 34 03 0C 41 01 
12 34 02 0C 40 01 
12 34 02 0C 40 02 
12 34 02 0B 40 01 
12 34 03 0B 3F 01 
12 34 03 0B 3F 01 
12 34 02 0B 3F 02 
12 34 02 0B 3F 02 
12 34 03 0B 3E 01 
12 34 03 0B 3E 01 
12 34 02 0B 3E 01 
12 34 02 0A 3E 01 
12 34 03 0A 3D 01 
12 34 03 0A 3D 01 
12 34 03 0A 3D 01 
12 34 03 0A 3D 01 
12 34 02 0A 3C 02 
12 34 02 0A 3C 01 
12 34 03 0A 3C 01 
12 34 03 0A 3C 01 
12 34 02 0A 3B 01 
12 34 02 0A 3B 01 
12 34 03 0A 3B 01 
12 34 03 09 3B 01 
12 34 03 09 3B 01 
12 34 02 09 3B 01 
12 34 02 09 3B 01 
12 34 03 09 3B 01 
12 34 03 09 3B 01 
12 34 02 09 3B 01 
12 34 02 09 3C 01 
12 34 03 09 3C 01 
12 34 03 09 3C 01 
12 34 03 09 3C 01 
12 34 02 09 3C 01 
12 34 02 09 3C 01 
12 34 03 09 3B 01 
12 34 03 09 3B 01 
12 34 02 09 3A 01 
12 34 02 08 3A 01 
12 34 03 08 3A 01 
12 34 03 08 3A 01 
12 34 03 08 3A 01 
12 34 02 08 3A 01 
12 34 02 08 3A 02 
12 34 03 08 3A 01 
12 34 03 08 3B 01 
12 34 03 09 3B 01 
12 34 02 09 3C 02 
12 34 02 09 3D 01 
12 34 03 09 3E 01 
12 34 03 0A 3E 01 
12 34 02 0A 3F 01 
12 34 02 0A 40 01 
12 34 03 0A 40 01 
12 34 03 0A 41 01 
12 34 02 0A 42 01 
12 34 02 0B 42 01 
12 34 02 0B 43 01 
12 34 03 0B 43 01 
12 34 02 0B 43 01 
12 34 02 0B 43 01 
12 34 E2 00 0E 01 
12 34 02 0A 41 01 
12 34 03 0A 41 01 
12 34 02 09 40 01 
12 34 02 09 3F 01 
12 34 02 09 3E 01 
12 34 03 08 3D 01 
12 34 03 08 3C 01 
12 34 02 08 3B 01 
12 34 02 07 3A 01 
12 34 02 07 39 01 
12 34 03 07 38 01 
12 34 02 07 38 01 
12 34 02 07 37 01 
12 34 02 07 37 01 
12 34 03 07 37 01 
12 34 03 07 37 01 
12 34 02 07 38 01 
12 34 02 07 38 01 
12 34 03 07 37 01 
12 34 03 07 37 01 
12 34 03 07 37 01 
12 34 02 07 37 01 
12 34 03 07 37 01 
12 34 03 07 36 01 
12 34 03 07 36 01 
12 34 02 07 36 01 
12 34 02 07 36 01 
12 34 03 06 35 01 
12 34 03 06 35 01 
12 34 02 06 35 01 
12 34 02 06 35 01 
12 34 02 06 34 01 
12 34 03 06 34 01 
12 34 03 06 34 01 
12 34 02 06 33 01 
12 34 02 06 33 01 
12 34 03 06 33 01 
12 34 02 06 33 01 
12 34 02 06 33 01 
12 34 02 06 33 01 
12 34 03 06 33 01 
12 34 03 06 32 01 
12 34 02 06 33 01 
12 34 02 06 33 02 
12 34 02 06 33 01 
12 34 03 06 33 01 
12 34 03 06 33 01 
12 34 02 07 34 01 
12 34 02 07 34 01 
12 34 02 08 35 01 
12 34 03 08 37 01 
12 34 02 09 38 01 
12 34 02 09 39 02 
12 34 02 0A 3A 01 
12 34 03 0A 3B 01 
12 34 03 0A 3B 01 
12 34 02 0A 3C 01 
12 34 02 0A 3C 01 
12 34 03 0A 3C 01 
12 34 03 0A 3C 01 
12 34 02 0A 3B 01 
12 34 02 0A 3B 01 
12 34 03 0A 3B 01 
12 34 03 0A 3B 01 
12 34 03 0A 3B 01 
12 34 02 0B 3C 01 
12 34 02 0B 3C 01 
12 34 03 0B 3C 01 
12 34 03 0B 3D 01 
12 34 03 0C 3D 01 
12 34 02 0C 3E 01 
12 34 03 0C 3F 01 
12 34 03 0C 3F 01 
12 34 02 0C 40 01 
12 34 02 0C 40 02 
12 34 03 0C 40 01 
12 34 03 0C 40 00 
12 34 02 0C 41 01 
12 34 02 0C 41 02 
12 34 03 0C 41 01 
12 34 03 0C 41 00 
12 34 02 0C 42 01 
12 34 02 0C 42 02 
12 34 03 0D 42 01 
12 34 03 0D 43 00 
12 34 02 0D 43 01 
12 34 02 0D 43 01 
12 34 02 0D 43 01 
12 34 03 0D 43 01 
12 34 02 0D 44 01 
12 34 02 0D 44 01 
12 34 02 0D 44 01 
12 34 03 0C 44 01 
12 34 03 0C 43 01 
12 34 02 0C 43 01 
12 34 02 0C 43 01 
12 34 03 0C 43 01 
12 34 02 0C 43 01 
12 34 02 0C 43 01 
12 34 02 0C 43 01 
12 34 03 0C 43 01 
2 34 02 0C 43 01 
12 34 03 0C 43 01 
12 34 02 0C 43 01 
12 34 02 0C 43 01 
12 34 03 0C 42 01 
12 34 03 0C 42 01 
12 34 03 0C 41 01 
12 34 02 0C 41 01 
12 34 02 0C 41 01 
12 34 03 0C 41 01 
12 34 02 0C 41 01 
12 34 02 0C 42 01 
12 34 03 0C 42 01 
12 34 03 0C 42 01 
12 34 02 0C 42 01 
12 34 02 0C 42 01 
12 34 02 0C 42 01 
12 34 03 0C 42 01 
12 34 03 0C 41 01 
12 34 02 0C 41 01 
12 34 02 0C 41 01 
12 34 02 0C 41 01 
12 34 03 0B 40 01 
12 34 02 0B 40 01 
12 34 02 0B 40 01 
12 34 03 0B 40 01 
12 34 03 0B 40 01 
12 34 02 0B 3F 01 
12 34 02 0B 3F 02 
12 34 03 0B 3F 01 
12 34 03 0B 3F 01 
12 34 03 0B 3E 01 
12 34 02 0B 3E 02 
12 34 02 0B 3E 01 
12 34 03 0B 3D 01 
12 34 03 0B 3D 01 
12 34 02 0B 3C 01 
12 34 02 0B 3C 02 
12 34 03 0B 3B 01 
12 34 03 0B 3B 01 
12 34 02 0B 3A 01 
12 34 02 0A 3A 01 
12 34 03 0A 39 01 
12 34 03 0A 39 01 
12 34 03 0A 38 01 
12 34 02 0A 38 01 
12 34 02 0A 38 01 
12 34 03 0A 38 01 
12 34 02 0A 38 01 
12 34 02 0A 37 01 
12 34 02 0A 37 01 
12 34 03 0A 37 01 
12 34 03 0A 37 01 
12 34 02 0A 37 01 
12 34 02 0A 37 01 
12 34 03 09 37 01 
12 34 03 09 37 01 
12 34 02 09 36 01 
12 34 02 09 36 01 
12 34 02 09 36 01 
12 34 03 09 35 01 
12 34 03 09 35 01 
12 34 02 08 34 02 
12 34 02 08 34 01 
12 34 03 08 34 01 
12 34 03 08 33 01 
12 34 02 08 33 01 
12 34 02 08 33 02 
12 34 02 08 33 01 
12 34 03 08 33 01 
12 34 02 07 32 01 
12 34 02 07 32 01 
12 34 02 07 32 02 
12 34 03 07 32 01 
12 34 03 07 32 01 
12 34 02 07 32 01 
12 34 02 07 32 02 
12 34 03 07 32 01 
12 34 03 07 32 01 
12 34 03 07 31 01 
12 34 02 07 31 01 
12 34 02 07 31 02 
12 34 03 07 31 01 
12 34 02 07 31 01 
12 34 03 07 31 01 
12 34 02 07 31 01 
12 34 02 07 31 01 
12 34 03 07 31 01 
12 34 03 07 31 01 
12 34 02 07 31 01 
12 34 02 07 31 01 
12 34 02 07 30 01 
12 34 03 07 30 01 
12 34 03 07 30 01 
12 34 02 07 30 01 
12 34 02 07 31 01 
12 34 02 07 31 01 
12 34 02 07 31 01 
12 34 03 07 31 01 
12 34 02 07 31 01 
12 34 E2 00 0E 01 
12 34 02 07 31 01 
12 34 03 07 31 01 
12 34 03 07 31 01 
12 34 02 07 31 01 
12 34 02 07 30 01 
12 34 02 07 30 01 
12 34 03 06 2F 01 
12 34 03 06 2E 01 
12 34 02 06 2E 01 
12 34 02 06 2E 02 
12 34 02 06 2D 01 
12 34 03 06 2D 01 
12 34 02 06 2E 01 
12 34 02 06 2E 01 
12 34 02 06 2E 01 
12 34 03 06 2E 01 
12 34 03 06 2E 01 
12 34 03 06 2E 01 
12 34 02 06 2E 01 
12 34 02 06 2E 01 
12 34 03 06 2E 01 
12 34 03 06 2E 01 
12 34 02 06 2F 01 
12 34 02 06 2F 01 
12 34 02 07 30 01 
12 34 03 07 30 01 
12 34 02 07 31 01 
12 34 02 08 31 01 
12 34 02 08 32 01 
12 34 03 08 32 01 
12 34 03 08 32 01 
12 34 02 08 32 01 
12 34 02 08 32 02 
12 34 03 09 32 01 
12 34 03 09 32 01 
12 34 02 09 32 01 
12 34 02 09 32 01 
12 34 02 09 32 01 
12 34 03 09 32 01 
12 34 03 09 32 01 
12 34 02 09 31 01 
12 34 02 08 31 01 
12 34 02 08 31 01 
12 34 03 08 31 01 
12 34 03 08 30 01 
12 34 02 08 30 01 
12 34 02 08 30 01 
12 34 02 08 30 01 
12 34 03 08 30 01 
12 34 02 08 30 01 
12 34 02 08 30 01 
12 34 03 08 30 01 
12 34 03 08 30 01 
12 34 02 07 30 01 
12 34 02 07 2F 01 
12 34 02 07 2F 01 
12 34 03 07 2F 01 
12 34 03 07 2F 01 
12 34 02 07 2F 01 
12 34 02 07 2F 01 
12 34 02 07 2F 01 
12 34 03 07 2F 01 
12 34 02 07 2F 01 
12 34 02 07 2F 01 
12 34 02 07 2F 01 
12 34 03 07 2F 01 
12 34 03 07 2F 01 
12 34 02 07 2E 01 
12 34 02 07 2E 01 
12 34 03 06 2E 01 
12 34 03 06 2E 01 
12 34 02 06 2E 01 
12 34 02 06 2E 01 
12 34 03 06 2E 01 
12 34 03 06 2E 01 
12 34 02 06 2D 01 
12 34 02 06 2D 01 
12 34 02 06 2D 01 
12 34 03 06 2D 01 
12 34 02 06 2D 01 
12 34 02 06 2D 01 
12 34 03 06 2C 01 
12 34 03 06 2C 01 
12 34 02 06 2C 01 
12 34 02 05 2C 02 
12 34 02 05 2B 01 
12 34 02 05 2B 01 
12 34 02 05 2B 01 
12 34 02 05 2A 02 
12 34 02 05 2A 01 
12 34 02 05 2A 01 
12 34 02 05 2A 01 
12 34 02 05 2A 01 
12 34 03 05 2A 01 
12 34 03 05 2A 01 
12 34 02 05 2A 01 
12 34 02 05 2A 02 
12 34 02 05 2A 01 

