12 51 17 0F 0A 08 
12 51 17 0F 09 08 
12 51 16 0F 09 08 
12 51 16 0F 09 08 
12 51 16 0F 09 08 
12 51 16 0F 09 08 
12 50 15 0E 09 08 
12 51 15 0F 09 08 
12 50 15 0E 09 08 
12 50 15 0E 0A 08 
12 50 15 0E 0A 08 
12 50 15 0E 09 08 
12 50 15 0E 09 08 
12 50 14 0E 09 08 
12 50 14 0E 09 08 
12 50 14 0E 09 08 
12 50 14 0E 09 08 
12 50 14 0E 09 08 
12 50 14 0E 0A 08 
12 50 13 0E 09 08 
12 50 13 0E 0A 08 
12 50 13 0E 0A 08 
12 50 13 0E 0A 08 
12 50 13 0E 09 08 
12 50 13 0E 09 08 
12 50 13 0E 09 08 
12 50 13 0E 0A 08 
12 50 13 0E 0A 08 
12 50 13 0E 0B 08 
12 51 13 0F 08 08 
12 52 13 10 08 08 
12 52 13 10 09 08 
12 52 13 10 09 08 
12 53 13 11 09 08 
12 54 13 12 0A 08 
12 54 13 12 0A 08 
12 54 13 12 0A 09 
12 54 14 12 09 08 
12 55 14 13 09 08 
12 54 14 12 08 08 
12 55 14 13 08 08 
12 55 15 13 0B 08 
12 54 15 12 0B 08 
12 54 16 12 0B 08 
12 54 16 12 0B 08 
12 54 16 12 0B 08 
12 53 16 11 0B 08 
12 54 17 12 0B 08 
12 54 17 12 08 08 
12 54 17 12 08 08 
12 54 17 12 08 08 
12 55 17 13 08 08 
12 54 17 12 08 08 
12 55 17 13 0B 08 
12 54 18 12 0B 08 
12 54 18 12 0B 08 
12 54 18 12 0B 08 
12 54 18 12 0B 08 
12 54 18 12 0B 08 
12 54 18 12 0B 08 
12 55 18 13 0B 08 
12 54 18 12 0B 08 
12 55 18 13 0B 08 
12 54 17 12 0B 08 
12 55 17 13 0B 08 
12 54 17 12 0B 08 
12 54 17 12 0B 08 
12 54 17 12 0A 08 
12 54 17 12 0B 08 
12 53 17 11 08 09 
12 54 17 12 09 08 
12 55 17 13 0A 09 
12 56 17 14 0A 08 
12 56 17 14 0B 08 
12 57 18 15 20 08 
12 58 18 16 21 08 
12 58 18 16 21 08 
12 59 18 17 22 08 
12 5A 1A 18 22 08 
12 5B 1A 19 23 08 
12 5C 1C 1A 23 08 
12 5C 1C 1A 23 08 
12 5D 1E 1B 23 08 
12 5D 1E 1B 23 08 
12 5E 1E 1C 23 08 
12 5E 21 1C 22 08 
12 5E 21 1C 22 07 
12 5E 24 1C 22 08 
12 5E 24 1C 22 08 
12 5E 28 1C 21 08 
12 5F 28 1D 22 08 
12 5F 2D 1D 21 08 
12 5E 2D 1C 21 08 
12 5F 33 1D 22 08 
12 5F 33 1D 22 08 
12 5F 33 1D 22 08 
12 5F 38 1D 21 08 
12 5F 38 1D 21 08 
12 60 3C 1E 22 08 
12 5F 3C 1D 21 08 
12 60 3F 1E 22 09 
12 60 3F 1E 22 08 
12 60 41 1E 21 08 
12 60 41 1E 21 08 
12 60 43 1E 20 08 
12 5F 43 1D 0B 08 
12 5F 43 1D 20 08 
12 5F 43 1D 20 08 
12 5F 43 1D 0B 08 
12 5E 42 1C 0B 08 
12 5E 42 1C 0A 07 
12 5E 41 1C 0A 08 
12 5E 41 1C 0A 08 
12 5D 3F 1B 09 08 
12 5D 3F 1B 09 08 
12 5D 3D 1B 0A 08 
12 5D 3D 1B 09 08 
12 5D 3A 1B 0A 08 
12 5D 3A 1B 0A 08 
12 5D 3A 1B 0A 08 
12 5D 38 1B 0B 08 
12 5D 38 1B 0B 08 
12 5D 35 1B 20 08 
12 5D 35 1B 20 08 
12 5D 33 1B 20 08 
12 5D 33 1B 20 08 
12 5D 31 1B 20 08 
12 5D 31 1B 0B 08 
12 5D 2F 1B 0B 08 
12 5D 2F 1B 0B 08 
12 5E 2F 1C 0B 08 
12 5D 2E 1B 0B 08 
12 5D 2E 1B 0B 08 
12 5D 2E 1B 0B 08 
12 5E 2E 1C 0B 08 
12 5D 2E 1B 0B 08 
12 5D 2E 1B 0B 08 
12 5D 2F 1B 0B 08 
12 5D 2F 1B 0B 08 
12 5D 30 1B 0B 08 
12 5E 30 1C 0B 08 
12 5D 30 1B 0B 08 
12 5D 31 1B 0B 08 
12 5D 31 1B 0B 08 
12 5D 33 1B 0B 08 
12 5D 33 1B 0B 08 
12 5D 33 1B 0A 08 
12 5D 33 1B 0B 08 
12 5D 34 1B 0A 08 
12 5D 34 1B 0A 08 
12 5D 34 1B 0A 08 
12 5C 34 1A 09 08 
12 5C 33 1A 09 08 
12 5C 33 1A 09 08 
12 5B 33 19 08 08 
12 5B 32 19 0B 08 
12 5B 32 19 0A 08 
12 5A 31 18 0A 08 
12 59 31 17 09 08 
12 58 2F 16 08 08 
12 58 2F 16 08 08 
12 57 2B 15 03 08 
12 57 2B 15 03 08 
12 56 27 14 09 08 
12 56 27 14 0A 08 
12 56 27 14 0B 07 
12 56 24 14 0B 08 
12 57 24 15 08 08 
12 57 22 15 08 08 
12 57 22 15 08 08 
12 57 20 15 08 08 
12 58 20 16 09 08 
12 57 1E 15 09 08 
12 58 1E 16 09 07 
12 58 1C 16 09 09 
12 58 1C 16 09 08 
12 59 1C 17 09 08 
12 59 1C 17 09 08 
12 59 1C 17 09 08 
12 59 1B 17 09 08 
12 59 1B 17 0A 08 
12 59 1C 17 09 08 
12 59 1C 17 0A 08 
12 5A 1D 18 09 08 
12 59 1D 17 09 09 
12 5A 1F 18 09 08 
12 5A 1F 18 09 08 
12 5A 21 18 09 08 
12 59 21 17 09 08 
12 59 21 17 09 08 
12 59 22 17 08 08 
12 59 22 17 08 08 
12 59 24 17 08 08 
12 59 24 17 08 08 
12 59 24 17 08 08 
12 59 24 17 08 08 
12 58 25 16 08 08 
12 58 25 16 08 08 
12 58 25 16 08 08 
12 58 25 16 08 08 
12 58 25 16 08 08 
12 58 25 16 08 08 
12 58 25 16 08 08 
12 57 24 15 0B 08 
12 57 24 15 0B 08 
12 57 23 15 0B 08 
12 57 23 15 0B 08 
12 57 23 15 0B 08 
12 57 23 15 0B 08 
12 57 22 15 0B 08 
12 57 22 15 0B 08 
12 57 21 15 0B 08 
12 57 21 15 0B 08 
12 57 21 15 0A 08 
12 57 20 15 0A 08 
12 56 20 14 0A 08 
12 57 1F 15 0A 08 
12 56 1F 14 0A 08 
12 56 1E 14 0A 08 
12 56 1E 14 0A 08 
12 56 1E 14 0A 08 
12 56 1E 14 0A 08 
12 56 1D 14 0A 08 
12 55 1D 13 0A 08 
12 56 1D 14 0B 08 
12 56 1C 14 0B 08 
12 55 1C 13 0B 08 
12 55 1C 13 0B 08 
12 55 1C 13 0B 08 
12 55 1B 13 0B 08 
12 55 1B 13 0B 08 
12 56 1B 14 0B 08 
12 55 1B 13 0B 08 
12 55 1B 13 0B 08 
12 55 1B 13 0B 08 
12 55 1B 13 0B 08 
12 55 1A 13 0B 08 
12 56 1A 14 0B 08 
12 55 1A 13 0B 08 
12 56 1A 14 0B 08 
12 55 1A 13 0B 08 
12 55 1A 13 0B 08 
12 55 1A 13 0B 08 
12 56 1A 14 0B 08 
12 55 1A 13 0B 07 
12 55 1A 13 0B 08 
12 55 1A 13 08 08 
12 56 1A 14 08 08 
12 56 1A 14 08 08 
12 57 1A 15 09 08 
12 57 1A 15 09 07 
12 56 1B 14 09 08 
12 57 1B 15 09 08 
12 57 1C 15 09 08 
12 58 1C 16 09 08 
12 57 1C 15 09 08 
12 57 1C 15 09 08 
12 58 1E 16 09 08 
12 58 1E 16 09 08 
12 57 1E 15 09 08 
12 57 1F 15 09 08 
12 57 1F 15 09 09 
12 58 20 16 09 08 
12 58 20 16 09 08 
12 58 21 16 09 08 
12 57 21 15 08 08 
12 57 22 15 09 08 
12 58 22 16 09 08 
12 57 23 15 09 08 
12 58 23 16 09 08 
12 57 24 15 08 08 
12 58 24 16 09 08 
12 57 24 15 08 08 
12 57 25 15 09 08 
12 57 25 15 08 08 
12 58 25 16 09 08 
12 58 25 16 09 08 
12 57 25 15 09 08 
12 57 25 15 09 08 
12 57 25 15 08 08 
12 58 25 16 09 08 
12 57 25 15 08 08 
12 57 25 15 08 08 
12 58 25 16 08 08 
12 58 25 16 08 08 
12 57 25 15 08 08 
12 57 25 15 08 08 
12 58 25 16 08 08 
12 57 24 15 08 08 
12 57 24 15 08 08 
12 57 24 15 08 08 
12 57 24 15 08 08 
12 57 24 15 08 08 
12 57 24 15 08 08 
12 57 24 15 08 08 
12 57 24 15 08 09 
12 57 24 15 08 08 
12 56 23 14 08 07 
12 57 23 15 08 08 
12 57 23 15 08 08 
12 57 23 15 08 08 
12 56 23 14 08 08 
12 57 23 15 08 08 
12 56 22 14 08 08 
12 56 22 14 08 08 
12 56 22 14 08 08 
12 57 22 15 08 08 
12 56 22 14 08 08 
12 56 22 14 08 08 
12 56 22 14 08 08 
12 56 21 14 0B 08 
12 57 21 15 08 08 
12 56 21 14 08 08 
12 56 21 14 0B 07 
12 56 20 14 0B 08 
12 56 20 14 0B 08 
12 56 20 14 0A 08 
12 55 20 13 09 08 
12 55 20 13 09 08 
12 54 1F 12 09 08 
12 54 1F 12 09 08 
12 54 1E 12 09 08 
12 54 1E 12 09 08 
12 53 1D 11 09 08 
12 53 1D 11 09 08 
12 53 1C 11 09 08 
12 53 1C 11 09 08 
12 53 1A 11 09 08 
12 53 1A 11 09 08 
12 53 1A 11 09 08 
12 52 19 10 08 08 
12 52 19 10 09 08 
12 52 17 10 0A 08 
12 53 17 11 09 08 
12 55 16 13 20 08 
12 56 16 14 21 08 
12 57 15 15 22 08 
12 58 15 16 22 08 
12 59 15 17 23 08 
12 5A 15 18 20 08 
12 5B 16 19 20 08 
12 5C 16 1A 20 08 
12 5D 16 1B 20 08 
12 5D 18 1B 23 09 
12 5E 18 1C 23 08 
12 5F 1A 1D 23 08 
12 5E 1A 1C 23 07 
12 5F 1E 1D 23 08 
12 5F 1E 1D 23 08 
12 60 21 1E 23 08 
12 60 21 1E 23 08 
12 60 25 1E 23 08 
12 5F 25 1D 23 08 
12 60 25 1E 20 08 
12 61 29 1F 20 08 
12 62 29 20 20 08 
12 62 30 20 20 08 
12 62 30 20 20 08 
12 62 36 20 20 08 
12 62 36 20 20 08 
12 63 3C 21 20 08 
12 63 3C 21 20 08 
12 63 42 21 23 08 
12 63 42 21 23 08 
12 64 42 22 23 08 
12 63 46 21 23 08 
12 63 46 21 23 08 
12 64 4A 22 23 08 
12 64 4A 22 23 08 
12 65 4E 23 20 08 
12 64 4E 22 20 08 
12 64 51 22 20 08 
12 64 51 22 20 08 
12 65 55 23 20 08 
12 65 55 23 23 08 
12 64 59 22 22 08 
12 65 59 23 22 08 
12 64 59 22 22 08 
12 64 5C 22 22 07 
12 64 5C 22 22 08 
12 64 5E 22 22 08 
12 64 5E 22 22 07 
12 65 5F 23 22 08 
12 65 5F 23 22 08 
12 65 60 23 22 08 
12 64 60 22 22 08 
12 64 60 22 21 08 
12 63 60 21 21 08 
12 63 60 21 21 08 
12 63 60 21 21 08 
12 64 60 22 21 08 
12 63 60 21 21 08 
12 63 60 21 21 08 
12 64 5E 22 21 08 
12 64 5E 22 21 08 
12 63 5D 21 21 08 
12 64 5D 22 21 08 
12 64 5B 22 21 08 
12 63 5B 21 20 08 
12 63 5A 21 21 08 
12 63 5A 21 20 08 
12 63 5A 21 20 08 
12 62 59 20 20 08 
12 63 59 21 20 08 
12 63 57 21 21 07 
12 63 57 21 21 08 
12 62 56 20 21 08 
12 63 56 21 21 09 
12 63 55 21 21 08 
12 62 55 20 20 08 
12 62 54 20 20 08 
12 62 54 20 20 08 
12 62 54 20 0B 08 
12 62 52 20 0B 08 
12 61 52 1F 0B 08 
12 61 51 1F 0B 07 
12 61 51 1F 0B 08 
12 61 4F 1F 0B 08 
12 61 4F 1F 20 08 
12 61 4E 1F 20 08 
12 61 4E 1F 20 08 
12 61 4C 1F 20 08 
12 61 4C 1F 20 08 
12 61 4C 1F 20 08 
12 61 4B 1F 0B 08 
12 60 4B 1E 0B 08 
12 60 4A 1E 0A 08 
12 5F 4A 1D 0A 08 
12 60 48 1E 0A 08 
12 60 48 1E 0B 08 
12 5F 46 1D 0B 08 
12 5F 46 1D 0B 08 
12 60 44 1E 20 08 
12 60 44 1E 20 08 
12 60 43 1E 20 08 
12 60 43 1E 20 08 
12 60 43 1E 20 08 
12 60 42 1E 20 08 
12 60 42 1E 20 08 
12 60 42 1E 20 08 
12 60 42 1E 20 08 
12 60 43 1E 0B 08 
12 60 43 1E 0A 08 
12 60 43 1E 0A 08 
12 60 43 1E 0B 08 
12 60 43 1E 0B 08 
12 60 43 1E 0B 08 
12 5F 43 1D 0B 09 
12 5F 42 1D 0B 08 
12 60 42 1E 0B 08 
12 5F 42 1D 0B 08 
12 5F 42 1D 0B 08 
12 5F 42 1D 0B 08 
12 5F 42 1D 0B 08 
12 5F 42 1D 0B 08 
12 5F 42 1D 0B 08 
12 5F 41 1D 0B 08 
12 5F 41 1D 0B 08 
12 5F 41 1D 0A 08 
12 5F 40 1D 0A 08 
12 5F 40 1D 0B 08 
12 5E 3F 1C 0A 08 
12 5F 3F 1D 0B 08 
12 5E 3E 1C 0A 08 
12 5F 3E 1D 0B 08 
12 5F 3C 1D 0B 08 
12 5F 3C 1D 20 08 
12 5F 3B 1D 20 08 
12 5F 3B 1D 20 08 
12 60 3B 1E 20 08 
12 5F 3B 1D 20 08 
12 5F 3B 1D 20 08 
12 60 3B 1E 20 08 
12 5F 3B 1D 20 08 
12 60 3B 1E 20 08 
12 60 3B 1E 20 08 
12 5F 3C 1D 0B 08 
12 5F 3C 1D 0B 08 
12 5F 3D 1D 0B 08 
12 60 3D 1E 0B 08 
12 60 3D 1E 0B 08 
12 60 3D 1E 0B 08 
12 5F 3D 1D 0B 08 
12 5F 3E 1D 0B 08 
12 5F 3E 1D 0B 08 
12 5F 3E 1D 0B 08 
12 5F 3E 1D 0A 08 
12 5F 3F 1D 0A 08 
12 5F 3F 1D 0A 08 
12 5F 3F 1D 0A 08 
12 5E 3F 1C 09 08 
12 5F 3E 1D 08 08 
12 5D 3E 1B 0B 08 
12 5D 3D 1B 08 08 
12 5D 3D 1B 0A 08 
12 5E 3D 1C 21 08 
12 5F 3B 1D 22 07 
12 60 3B 1E 20 08 
12 61 39 1F 21 08 
12 62 39 20 21 08 
12 63 3A 21 22 08 
12 63 3A 21 22 08 
12 65 3B 23 22 08 
12 65 3B 23 22 08 
12 65 3F 23 22 08 
12 66 3F 24 22 08 
12 66 3F 24 22 08 
12 67 43 25 22 08 
12 67 43 25 21 08 
12 67 49 25 21 08 
12 67 49 25 21 08 
12 67 4F 25 21 08 
12 67 4F 25 20 08 
12 67 56 25 20 08 
12 68 56 26 20 08 
12 68 5E 26 20 08 
12 67 5E 25 20 08 
12 67 5E 25 20 08 
12 68 66 26 20 08 
12 67 66 25 23 08 
12 67 6D 25 23 08 
12 67 6D 25 23 08 
12 67 73 25 23 08 
12 68 73 26 23 08 
12 67 76 25 23 08 
12 67 76 25 23 08 
12 67 78 25 23 08 
12 67 78 25 23 08 
12 67 79 25 23 08 
12 67 79 25 23 08 
12 67 79 25 23 07 
12 67 79 25 23 07 
12 68 79 26 23 08 
12 67 78 25 23 08 
12 67 78 25 20 08 
12 67 77 25 20 08 
12 68 77 26 20 08 
12 68 76 26 21 08 
12 68 76 26 21 08 
12 68 75 26 21 08 
12 69 75 27 22 08 
12 68 75 26 21 08 
12 69 75 27 21 08 
12 69 75 27 21 08 
12 69 76 27 21 08 
12 6A 76 28 21 08 
12 69 77 27 21 08 
12 6A 77 28 21 08 
12 6A 78 28 21 08 
12 69 78 27 21 08 
12 69 79 27 20 08 
12 6A 79 28 20 08 
12 69 79 27 20 08 
12 69 7B 27 20 08 
12 69 7B 27 20 08 
12 69 7C 27 20 08 
12 69 7C 27 23 08 
12 69 7D 27 23 08 
12 69 7D 27 23 09 
12 69 7D 27 23 08 
12 69 7D 27 20 08 
12 69 7D 27 23 08 
12 69 7D 27 20 08 
12 69 7C 27 20 08 
12 68 7C 26 20 08 
12 69 7C 27 20 08 
12 69 7B 27 20 08 
12 69 7B 27 20 08 
12 69 79 27 20 08 
12 69 79 27 20 08 
12 69 78 27 20 08 
12 69 78 27 20 08 
12 69 77 27 20 08 
12 69 77 27 20 08 
12 69 76 27 20 08 
12 69 76 27 21 08 
12 69 76 27 20 08 
12 6A 75 28 20 08 
12 69 75 27 20 08 
12 6A 75 28 20 08 
12 69 75 27 20 08 
12 69 75 27 21 08 
12 6A 75 28 22 08 
12 6A 75 28 23 08 
12 6B 75 29 28 08 
12 6B 77 29 28 08 
12 6C 77 2A 28 08 
12 6C 77 2A 28 08 
12 6C 79 2A 28 08 
12 6C 79 2A 28 08 
12 6D 7D 2B 29 08 
12 6D 7D 2B 29 08 
12 6D 81 2B 28 08 
12 6D 81 2B 28 08 
12 6D 86 2B 28 08 
12 6E 86 2C 28 08 
12 6F 8B 2D 28 08 
12 6E 8B 2C 28 08 
12 6E 90 2C 28 08 
12 6E 90 2C 28 08 
12 6E 90 2C 23 08 
12 6E 95 2C 23 08 
12 6E 95 2C 23 08 
12 6E 9B 2C 22 08 
12 6E 9B 2C 22 08 
12 6E 9F 2C 22 08 
12 6D 9F 2B 22 08 
12 6E A3 2C 22 08 
12 6D A3 2B 21 08 
12 6E A5 2C 21 08 
12 6D A5 2B 21 08 
12 6D A5 2B 21 08 
12 6D A6 2B 21 08 
12 6D A6 2B 21 08 
12 6D A6 2B 21 08 
12 6D A6 2B 21 08 
12 6C A4 2A 21 08 
12 6D A4 2B 21 08 
12 6C A2 2A 21 08 
12 6C A2 2A 20 08 
12 6C A0 2A 21 08 
12 6C A0 2A 20 08 
12 6C 9D 2A 20 08 
12 6B 9D 29 20 08 
12 6C 9D 2A 20 08 
12 6B 9A 29 20 08 
12 6C 9A 2A 20 08 
12 6B 97 29 20 08 
12 6B 97 29 20 08 
12 6B 94 29 20 08 
12 6B 94 29 20 08 
12 6B 92 29 23 08 
12 6B 92 29 23 08 
12 6A 90 28 23 08 
12 6B 90 29 23 08 
12 6A 90 28 23 08 
12 6A 8D 28 23 08 
12 6A 8D 28 23 08 
12 6A 8B 28 22 08 
12 6A 8B 28 22 08 
12 69 88 27 22 08 
12 6A 88 28 22 08 
12 6A 86 28 22 08 
12 69 86 27 22 08 
12 69 83 27 22 08 
12 69 83 27 22 08 
12 68 83 26 22 08 
12 69 81 27 22 08 
12 69 81 27 22 08 
12 68 7E 26 22 08 
12 68 7E 26 21 08 
12 68 7C 26 22 08 
12 68 7C 26 21 08 
12 68 79 26 22 08 
12 68 79 26 21 08 
12 68 77 26 22 08 
12 67 77 25 22 08 
12 67 75 25 22 08 
12 68 75 26 22 08 
12 67 75 25 22 09 
12 68 73 26 22 08 
12 67 73 25 22 08 
12 68 72 26 22 09 
12 67 72 25 22 08 
12 67 70 25 22 08 
12 68 70 26 22 08 
12 67 6F 25 22 08 
12 67 6F 25 21 08 
12 67 6F 25 21 08 
12 67 6F 25 22 08 
12 67 6F 25 22 08 
12 67 6E 25 22 08 
12 67 6E 25 22 08 
12 67 6E 25 22 07 
12 67 6E 25 22 08 
12 67 6D 25 21 08 
12 67 6D 25 22 08 
12 67 6D 25 21 08 
12 67 6D 25 22 08 
12 67 6D 25 21 08 
12 67 6D 25 21 08 
12 67 6D 25 21 08 
12 67 6D 25 21 07 
12 67 6D 25 21 07 
12 67 6C 25 21 08 
12 66 6C 24 21 08 
12 66 6C 24 21 08 
12 67 6C 25 21 08 
12 66 6B 24 21 08 
12 66 6B 24 22 08 
12 66 6B 24 21 08 
12 66 6B 24 21 08 
12 67 6A 25 21 08 
12 66 6A 24 21 08 
12 66 6A 24 21 08 
12 66 6A 24 21 09 
12 66 6A 24 21 08 
12 66 69 24 21 08 
12 66 69 24 21 08 
12 66 69 24 21 08 
12 66 69 24 21 08 
12 66 68 24 21 08 
12 66 68 24 21 08 
12 66 68 24 21 08 
12 66 68 24 21 08 
12 66 68 24 21 08 
12 66 67 24 21 08 
12 65 67 23 21 08 
12 66 67 24 21 07 
12 66 67 24 21 08 
12 65 66 23 21 08 
12 65 66 23 21 08 
12 65 66 23 21 08 
12 66 66 24 21 08 
12 65 65 23 21 08 
12 66 65 24 21 08 
12 65 65 23 21 08 
12 65 64 23 21 08 
12 66 64 24 21 08 
12 65 64 23 21 08 
12 65 64 23 21 08 
12 65 63 23 21 08 
12 65 63 23 21 08 
12 65 63 23 20 08 
12 65 63 23 21 08 
12 65 62 23 21 08 
12 65 62 23 21 08 
12 65 62 23 20 08 
12 65 62 23 21 08 
12 65 62 23 21 07 
12 65 61 23 20 08 
12 65 61 23 20 08 
12 65 61 23 20 08 
12 65 61 23 20 08 
12 65 60 23 20 08 
12 64 60 22 20 08 
12 64 5F 22 20 08 
12 64 5F 22 20 08 
12 64 5F 22 20 08 
12 65 5F 23 20 08 
12 64 5F 22 20 08 
12 64 5E 22 20 08 
12 64 5E 22 20 08 
12 64 5D 22 20 08 
12 64 5D 22 20 08 
12 64 5C 22 20 08 
12 64 5C 22 20 08 
12 64 5C 22 20 08 
12 64 5C 22 20 09 
12 64 5B 22 20 08 
12 64 5B 22 20 08 
12 64 5A 22 20 08 
12 64 5A 22 20 08 
12 64 5A 22 20 07 
12 64 59 22 20 08 
12 64 59 22 20 08 
12 64 59 22 20 08 
12 64 59 22 20 08 
12 64 58 22 20 08 
12 64 58 22 20 08 
12 63 58 21 20 07 
12 64 58 22 20 08 
12 63 57 21 20 08 
12 64 57 22 20 08 
12 63 57 21 20 08 
12 64 57 22 20 08 
12 64 57 22 20 08 
12 64 56 22 20 08 
12 64 56 22 20 08 
12 64 56 22 20 08 
12 63 56 21 20 08 
12 63 56 21 20 08 
12 63 56 21 20 08 
12 64 55 22 20 08 
12 63 55 21 20 08 
12 63 55 21 20 08 
12 63 55 21 0B 08 
12 63 55 21 0B 08 
12 63 55 21 0B 08 
12 63 55 21 0B 08 
12 63 54 21 0B 08 
12 63 54 21 0B 08 
12 63 53 21 0B 08 
12 63 53 21 0B 08 
12 63 53 21 0B 08 
12 63 53 21 0B 08 
12 62 52 20 0B 08 
12 63 52 21 0B 08 
12 63 52 21 0B 08 
12 63 51 21 0B 08 
12 63 51 21 0B 08 
12 63 51 21 0B 08 
12 63 51 21 0B 08 
12 63 50 21 0B 08 
12 63 50 21 20 08 
12 62 50 20 0B 08 
12 62 50 20 0B 08 
12 63 4F 21 0B 08 
12 62 4F 20 0B 08 
12 63 4F 21 0B 08 
12 63 4F 21 0B 08 
12 62 4F 20 0B 08 
12 62 4F 20 0B 08 
12 62 4F 20 0B 08 
12 62 4E 20 0B 08 
12 62 4E 20 0B 08 
12 62 4E 20 0B 08 
12 62 4E 20 0B 08 
12 62 4E 20 0B 08 
12 62 4E 20 0B 08 
12 62 4E 20 0B 08 
12 62 4E 20 0B 08 
12 62 4E 20 0B 08 
12 62 4E 20 0B 09 
12 62 4E 20 0B 08 
12 62 4D 20 0B 08 
12 62 4D 20 0B 08 
12 61 4D 1F 0B 08 
12 61 4D 1F 0B 08 
12 62 4C 20 0B 08 
12 61 4C 1F 0B 08 
12 61 4C 1F 0B 08 
12 62 4C 20 0B 08 
12 61 4C 1F 0A 08 
12 61 4B 1F 0B 08 
12 61 4B 1F 0A 08 
12 61 4A 1F 0A 08 
12 61 4A 1F 0A 08 
12 61 4A 1F 0A 08 
12 62 4A 20 0A 08 
12 61 49 1F 0A 08 
12 61 49 1F 0A 08 
12 61 48 1F 0A 08 
12 61 48 1F 0A 08 
12 61 48 1F 0A 08 
12 61 47 1F 0A 08 
12 61 47 1F 0A 08 
12 61 47 1F 0A 07 
12 61 47 1F 0A 08 
12 61 46 1F 0A 08 
12 61 46 1F 0A 08 
12 61 46 1F 0A 08 
12 61 46 1F 0A 08 
12 61 45 1F 0A 08 
12 61 45 1F 0A 08 
12 61 45 1F 0B 08 
12 61 45 1F 0B 08 
12 61 45 1F 0B 08 
12 61 45 1F 0A 07 
12 61 45 1F 0A 08 
12 61 45 1F 0A 08 
12 60 45 1E 0A 08 
12 61 44 1F 0A 08 
12 61 44 1F 0A 08 
12 61 44 1F 0A 08 
12 60 44 1E 0A 08 
12 60 44 1E 0A 08 
12 60 44 1E 0A 08 
12 60 44 1E 0A 08 
12 60 44 1E 0A 08 
12 60 44 1E 0A 08 
12 60 44 1E 0A 08 
12 60 44 1E 0A 08 
12 60 43 1E 0A 08 
12 60 43 1E 0A 09 
12 60 43 1E 0A 08 
12 60 43 1E 0A 08 
12 60 43 1E 0A 08 
12 60 43 1E 0A 08 
12 60 43 1E 0A 08 
12 60 42 1E 0A 08 
12 60 42 1E 0A 08 
12 60 42 1E 0A 09 
12 60 42 1E 0A 08 
12 60 42 1E 0A 08 
12 60 42 1E 0A 08 
12 60 41 1E 0A 08 
12 60 41 1E 0A 08 
12 60 41 1E 0A 08 
12 60 41 1E 0A 08 
12 60 41 1E 0A 08 
12 60 41 1E 0A 08 
12 60 41 1E 0A 08 
12 60 41 1E 0A 08 
12 60 41 1E 0A 08 
12 60 40 1E 0A 08 
12 60 40 1E 0A 08 
12 60 40 1E 0A 08 
12 60 40 1E 0A 08 
12 60 40 1E 09 08 
12 5F 40 1D 09 08 
12 5F 3F 1D 09 08 
12 5F 3F 1D 09 08 
12 60 3F 1E 09 09 
12 5F 3F 1D 09 08 
12 5F 3F 1D 09 08 
12 5F 3E 1D 09 08 
12 5F 3E 1D 09 08 
12 5F 3C 1D 09 08 
12 5F 3C 1D 09 08 
12 5F 3B 1D 09 08 
12 5F 3B 1D 09 08 
12 5E 3A 1C 09 08 
12 5F 3A 1D 0A 08 
12 5F 3A 1D 0B 08 
12 5F 39 1D 20 08 
12 5F 39 1D 20 08 
12 60 38 1E 20 08 
12 60 38 1E 21 08 
12 61 39 1F 21 08 
12 61 39 1F 21 08 
12 61 3B 1F 21 08 
12 62 3B 20 21 07 
12 62 3D 20 21 08 
12 62 3D 20 21 08 
12 62 41 20 21 08 
12 62 41 20 21 08 
12 63 41 21 21 08 
12 63 45 21 21 08 
12 62 45 20 21 08 
12 63 4A 21 21 08 
12 62 4A 20 21 08 
12 63 4F 21 21 08 
12 63 4F 21 21 08 
12 63 54 21 21 08 
12 63 54 21 21 08 
12 63 5A 21 21 08 
12 63 5A 21 21 08 
12 63 5A 21 20 08 
12 63 5E 21 20 08 
12 63 5E 21 20 08 
12 63 61 21 21 08 
12 63 61 21 20 08 
12 63 63 21 21 08 
12 63 63 21 20 08 
12 63 65 21 21 09 
12 63 65 21 20 08 
12 63 65 21 20 08 
12 63 65 21 20 08 
12 63 65 21 20 08 
12 63 65 21 20 08 
12 63 65 21 20 08 
12 63 65 21 20 08 
12 63 65 21 20 08 
12 63 64 21 20 08 
12 63 64 21 20 08 
12 63 63 21 20 08 
12 63 63 21 20 08 
12 63 62 21 20 08 
12 62 62 20 20 08 
12 63 60 21 20 08 
12 63 60 21 20 08 
12 62 60 20 20 08 
12 62 60 20 20 08 
12 63 60 21 20 08 
12 62 5F 20 20 08 
12 63 5F 21 20 08 
12 62 5E 20 20 08 
12 62 5E 20 20 08 
12 62 5D 20 20 08 
12 62 5D 20 20 08 
12 62 5C 20 20 08 
12 62 5C 20 20 08 
12 62 5C 20 20 08 
12 62 5C 20 20 08 
12 62 5C 20 20 08 
12 62 5B 20 0B 08 
12 62 5B 20 0B 08 
12 61 5A 1F 0B 08 
12 61 5A 1F 0A 08 
12 62 59 20 0B 08 
12 61 59 1F 0A 08 
12 61 57 1F 0A 09 
12 60 57 1E 0B 08 
12 61 57 1F 0B 08 
12 61 55 1F 0B 08 
12 61 55 1F 0B 08 
12 61 54 1F 0B 08 
12 61 54 1F 0B 08 
12 60 52 1E 0B 08 
12 60 52 1E 0A 07 
12 60 50 1E 0A 08 
12 60 50 1E 09 08 
12 5F 4E 1D 09 08 
12 5F 4E 1D 08 08 
12 5F 4B 1D 08 08 
12 5F 4B 1D 08 08 
12 5E 4B 1C 08 08 
12 5E 48 1C 08 08 
12 5E 48 1C 08 08 
12 5E 45 1C 08 08 
12 5E 45 1C 09 08 
12 5E 42 1C 09 08 
12 5D 42 1B 09 08 
12 5E 3F 1C 09 08 
12 5E 3F 1C 09 08 
12 5E 3D 1C 09 08 
12 5E 3D 1C 09 08 
12 5E 3D 1C 09 08 
12 5E 3B 1C 09 08 
12 5E 3B 1C 09 08 
12 5E 39 1C 09 08 
12 5E 39 1C 09 07 
12 5E 38 1C 0A 08 
12 5E 38 1C 0A 07 
12 5E 37 1C 0A 08 
12 5E 37 1C 0A 09 
12 5E 37 1C 0A 08 
12 5F 37 1D 0A 08 
12 5F 38 1D 0A 08 
12 5E 38 1C 09 08 
12 5E 38 1C 09 08 
12 5F 39 1D 09 09 
12 5E 39 1C 09 08 
12 5E 3B 1C 09 08 
12 5D 3B 1B 09 08 
12 5E 3C 1C 09 08 
12 5D 3C 1B 09 08 
12 5D 3C 1B 09 08 
12 5D 3C 1B 09 08 
12 5D 3C 1B 09 08 
12 5D 3C 1B 09 08 
12 5D 3C 1B 09 08 
12 5D 3B 1B 09 08 
12 5D 3B 1B 09 08 
12 5D 3B 1B 08 08 
12 5C 3B 1A 08 08 
12 5D 39 1B 09 08 
12 5C 39 1A 08 08 
12 5C 38 1A 08 08 
12 5C 38 1A 08 08 
12 5C 36 1A 08 08 
12 5C 36 1A 08 08 
12 5C 36 1A 08 08 
12 5C 34 1A 08 08 
12 5B 34 19 08 08 
12 5C 32 1A 08 08 
12 5B 32 19 08 08 
12 5C 31 1A 08 08 
12 5C 31 1A 08 08 
12 5C 2F 1A 08 08 
12 5B 2F 19 08 08 
12 5B 2E 19 08 08 
12 5B 2E 19 08 08 
12 5B 2D 19 08 08 
12 5B 2D 19 08 08 
12 5B 2D 19 0B 08 
12 5A 2C 18 0A 08 
12 5A 2C 18 0A 08 
12 59 2A 17 09 08 
12 59 2A 17 09 08 
12 59 29 17 09 08 
12 59 29 17 09 08 
12 58 27 16 09 08 
12 58 27 16 09 08 
12 57 26 15 09 08 
12 57 26 15 09 08 
12 57 26 15 09 08 
12 57 24 15 09 08 
12 57 24 15 08 08 
12 56 23 14 08 08 
12 56 23 14 08 08 
12 56 21 14 08 08 
12 56 21 14 09 09 
12 56 1F 14 09 08 
12 56 1F 14 09 08 
12 56 1D 14 0A 08 
12 56 1D 14 08 08 
12 57 1D 15 09 08 
12 58 1C 16 0B 08 
12 5A 1C 18 20 08 
12 5A 1B 18 20 08 
12 5C 1B 1A 20 08 
12 5C 1B 1A 20 08 
12 5C 1B 1A 20 08 
12 5D 1C 1B 21 08 
12 5E 1C 1C 21 08 
12 5E 1E 1C 21 07 
12 5F 1E 1D 21 08 
12 5F 20 1D 21 08 
12 5F 20 1D 21 08 
12 60 20 1E 21 08 
12 60 24 1E 21 08 
12 60 24 1E 21 08 
12 60 27 1E 20 08 
12 60 27 1E 20 08 
12 60 2E 1E 20 08 
12 60 2E 1E 20 08 
12 61 35 1F 20 08 
12 61 35 1F 20 08 
12 60 3B 1E 20 08 
12 60 3B 1E 0B 08 
12 60 3B 1E 0B 08 
12 60 41 1E 0B 08 
12 61 41 1F 0B 08 
12 60 45 1E 0B 08 
12 60 45 1E 0B 08 
12 60 48 1E 0B 08 
12 60 48 1E 0A 08 
12 60 4A 1E 0B 08 
12 5F 4A 1D 0A 08 
12 5F 4A 1D 0A 08 
12 60 4A 1E 0A 08 
12 60 4A 1E 0A 08 
12 5F 4A 1D 0A 08 
12 5F 4A 1D 0A 08 
12 5F 49 1D 0A 08 
12 5F 49 1D 0A 08 
12 5F 48 1D 0A 08 
12 5F 48 1D 0A 08 
12 5F 46 1D 0A 09 
12 5F 46 1D 09 08 
12 5F 44 1D 09 08 
12 5E 44 1C 09 08 
12 5F 41 1D 09 07 
12 5E 41 1C 09 09 
12 5E 41 1C 09 08 
12 5D 3F 1B 09 08 
12 5D 3F 1B 09 08 
12 5D 3C 1B 09 08 
12 5D 3C 1B 08 08 
12 5D 39 1B 08 08 
12 5D 39 1B 08 08 
12 5C 37 1A 08 08 
12 5D 37 1B 08 08 
12 5D 35 1B 08 08 
12 5C 35 1A 08 08 
12 5C 35 1A 08 08 
12 5D 32 1B 08 08 
12 5C 32 1A 08 08 
12 5C 30 1A 08 08 
12 5C 30 1A 0B 08 
12 5B 2E 19 0B 08 
12 5B 2E 19 0B 08 
12 5B 2D 19 0B 08 
12 5B 2D 19 08 08 
12 5C 2B 1A 09 08 
12 5C 2B 1A 09 08 
12 5C 2A 1A 09 08 
12 5C 2A 1A 09 08 
12 5C 2A 1A 08 08 
12 5C 2A 1A 08 08 
12 5B 2A 19 08 08 
12 5B 2A 19 0B 08 
12 5B 2A 19 0B 08 
12 5B 2A 19 0B 08 
12 5B 2A 19 0B 08 
12 5B 2A 19 0B 08 
12 5A 2A 18 0B 08 
12 5A 2A 18 0A 08 
12 5A 2A 18 0B 08 
12 5A 2A 18 0A 08 
12 5A 29 18 0A 08 
12 59 29 17 0A 08 
12 59 28 17 0A 08 
12 59 28 17 09 08 
12 59 27 17 0A 09 
12 58 27 16 09 08 
12 58 27 16 09 08 
12 58 27 16 09 08 
12 58 25 16 0A 08 
12 58 25 16 0A 08 
12 58 25 16 09 08 
12 58 24 16 09 08 
12 57 24 15 09 08 
12 57 22 15 08 08 
12 57 22 15 08 08 
12 56 21 14 08 08 
12 56 21 14 03 08 
12 56 1F 14 08 08 
12 55 1F 13 08 08 
12 55 1D 13 08 07 
12 55 1D 13 08 08 
12 56 1C 14 0B 07 
12 56 1C 14 09 08 
12 58 1C 16 0A 08 
12 59 1B 17 0B 08 
12 5A 1B 18 20 08 
12 5C 1B 1A 21 08 
12 5D 1B 1B 22 08 
12 5D 1C 1B 23 08 
12 5F 1C 1D 23 08 
12 5F 1E 1D 20 08 
12 60 1E 1E 20 08 
12 61 22 1F 20 08 
12 62 22 20 20 08 
12 62 22 20 20 08 
12 63 27 21 20 08 
12 63 27 21 20 08 
12 64 30 22 20 08 
12 64 30 22 23 08 
12 64 3B 22 22 08 
12 64 3B 22 21 08 
12 64 46 22 21 08 
12 63 46 21 21 08 
12 63 51 21 20 08 
12 63 51 21 20 08 
12 63 5B 21 20 08 
12 63 5B 21 20 08 
12 63 5B 21 20 08 
12 63 62 21 20 08 
12 62 62 20 20 08 
12 62 67 20 20 08 
12 62 67 20 20 08 
12 62 6A 20 0B 08 
12 62 6A 20 0B 08 
12 62 6B 20 0B 08 
12 62 6B 20 0B 08 
12 61 69 1F 0B 08 
12 62 69 20 0B 07 
12 62 69 20 0B 08 
12 61 66 1F 0B 08 
12 61 66 1F 0A 08 
12 61 61 1F 0A 08 
12 61 61 1F 0A 08 
12 61 5C 1F 0A 08 
12 60 5C 1E 0A 08 
12 60 58 1E 0A 08 
12 60 58 1E 0A 08 
12 60 54 1E 0A 08 
12 60 54 1E 0A 08 
12 60 54 1E 09 08 
12 5F 50 1D 0A 08 
12 60 50 1E 0A 08 
12 5F 4C 1D 09 07 
12 5F 4C 1D 09 08 
12 5F 49 1D 09 08 
12 5F 49 1D 09 08 
12 5E 46 1C 09 07 
12 5E 46 1C 09 08 
12 5F 44 1D 09 08 
12 5E 44 1C 09 08 
12 5F 41 1D 09 08 
12 5E 41 1C 09 08 
12 5E 41 1C 08 08 
12 5E 3F 1C 09 08 
12 5E 3F 1C 09 08 
12 5E 3C 1C 08 08 
12 5E 3C 1C 08 08 
12 5D 3A 1B 08 08 
12 5D 3A 1B 08 08 
12 5D 38 1B 08 08 
12 5D 38 1B 08 08 
12 5E 36 1C 08 08 
12 5D 36 1B 08 08 
12 5D 36 1B 09 08 
12 5D 35 1B 09 08 
12 5D 35 1B 09 08 
12 5D 34 1B 09 08 
12 5D 34 1B 09 08 
12 5D 33 1B 09 08 
12 5D 33 1B 09 08 
12 5D 33 1B 09 07 
12 5E 33 1C 09 08 
12 5E 33 1C 0A 08 
12 5D 33 1B 09 08 
12 5D 33 1B 09 08 
12 5D 34 1B 08 08 
12 5D 34 1B 0B 08 
12 5C 34 1A 0B 08 
12 5C 34 1A 08 08 
12 5D 34 1B 09 08 
12 5D 34 1B 0A 08 
12 5D 34 1B 0B 09 
12 5E 34 1C 20 08 
12 5E 34 1C 20 08 
12 5F 34 1D 20 08 
12 5F 36 1D 20 08 
12 5F 36 1D 20 08 
12 60 36 1E 20 08 
12 60 38 1E 20 08 
12 60 38 1E 20 08 
12 60 3A 1E 20 08 
12 60 3A 1E 0B 07 
12 60 3D 1E 0B 08 
12 60 3D 1E 0B 08 
12 60 3F 1E 0B 08 
12 60 3F 1E 0B 08 
12 60 41 1E 0B 08 
12 60 41 1E 0B 08 
12 60 41 1E 0B 08 
12 60 43 1E 0B 08 
12 60 43 1E 0A 08 
12 60 46 1E 0A 08 
12 60 46 1E 0A 08 
12 60 49 1E 0A 08 
12 5F 49 1D 0A 07 
12 60 4B 1E 0A 08 
12 60 4B 1E 0A 08 
12 60 4C 1E 0A 08 
12 60 4C 1E 0A 08 
12 60 4C 1E 0A 08 
12 5F 4C 1D 0A 08 
12 5F 4C 1D 0B 08 
12 60 4C 1E 0B 07 
12 60 4C 1E 20 08 
12 60 4C 1E 20 08 
12 60 4C 1E 0B 08 
12 60 4C 1E 0B 08 
12 60 4C 1E 0A 09 
12 60 4C 1E 0A 08 
12 60 4C 1E 09 08 
12 5F 4B 1D 09 08 
12 5F 4B 1D 08 08 
12 5E 4B 1C 08 08 
12 5F 4B 1D 0B 08 
12 5E 4B 1C 0B 08 
12 5E 49 1C 0B 08 
12 5D 49 1B 0A 08 
12 5D 47 1B 0A 08 
12 5C 47 1A 0B 08 
12 5C 44 1A 0A 08 
12 5B 44 19 0A 08 
12 5B 40 19 0A 08 
12 5B 40 19 0A 08 
12 5B 40 19 0A 08 
12 5B 3D 19 0A 08 
12 5A 3D 18 0A 08 
12 5B 38 19 0B 07 
12 5A 38 18 0B 08 
12 5A 34 18 0B 08 
12 5A 34 18 0B 08 
12 5A 2F 18 0B 08 
12 5B 2F 19 0B 08 
12 5A 2C 18 0B 08 
12 5A 2C 18 0B 07 
12 5A 29 18 0A 08 
12 5A 29 18 0A 08 
12 5A 29 18 0A 07 
12 59 27 17 0A 08 
12 59 27 17 0A 08 
12 59 26 17 0A 08 
12 59 26 17 0A 08 
12 59 25 17 0A 08 
12 58 25 16 0A 08 
12 59 25 17 0A 08 
12 59 25 17 0B 08 
12 59 25 17 0B 07 
12 59 25 17 0B 08 
12 59 25 17 08 08 
12 59 25 17 08 08 
12 5A 25 18 08 08 
12 5A 26 18 08 08 
12 5A 26 18 08 08 
12 5A 26 18 08 08 
12 5A 26 18 08 08 
12 5A 27 18 08 08 
12 5B 27 19 08 08 
12 5B 27 19 08 08 
12 5B 27 19 08 08 
12 5B 27 19 08 08 
12 5B 29 19 08 08 
12 5B 29 19 08 07 
12 5B 2B 19 08 08 
12 5B 2B 19 08 08 
12 5B 2D 19 08 08 
12 5C 2D 1A 08 08 
12 5C 2F 1A 08 08 
12 5B 2F 19 08 08 
12 5C 32 1A 08 08 
12 5C 32 1A 08 08 
12 5B 34 19 08 08 
12 5B 34 19 08 08 
12 5C 34 1A 08 08 
12 5B 36 19 08 08 
12 5B 36 19 08 08 
12 5C 37 1A 08 08 
12 5C 37 1A 08 08 
12 5C 37 1A 08 08 
12 5C 37 1A 08 08 
12 5B 38 19 08 08 
12 5B 38 19 08 08 
12 5B 38 19 08 08 
12 5B 38 19 08 08 
12 5B 38 19 08 08 
12 5B 38 19 08 08 
12 5B 38 19 08 08 
12 5B 38 19 08 08 
12 5C 38 1A 08 08 
12 5B 37 19 08 08 
12 5B 37 19 08 08 
12 5B 37 19 08 08 
12 5B 37 19 0B 08 
12 5B 36 19 08 08 
12 5B 36 19 0B 08 
12 5B 36 19 08 08 
12 5B 36 19 0B 08 
12 5B 36 19 08 08 
12 5B 35 19 0B 08 
12 5B 35 19 0B 08 
12 5B 34 19 0B 08 
12 5B 34 19 0B 08 
12 5B 34 19 0B 08 
12 5A 34 18 0B 08 
12 5B 33 19 0B 08 
12 5B 33 19 0B 08 
12 5A 32 18 0B 08 
12 5A 32 18 0B 08 
12 5A 32 18 0B 08 
12 5A 31 18 0B 08 
12 5A 31 18 0B 08 
12 5A 2F 18 0B 08 
12 5A 2F 18 0A 08 
12 5A 2E 18 0A 08 
12 59 2E 17 0A 08 
12 59 2D 17 0A 08 
12 59 2D 17 0A 08 
12 59 2B 17 0A 08 
12 59 2B 17 0A 08 
12 59 2B 17 0A 08 
12 59 29 17 0A 08 
12 59 29 17 09 07 
12 58 27 16 09 08 
12 58 27 16 09 08 
12 58 26 16 09 08 
12 58 26 16 0A 08 
12 58 25 16 0A 08 
12 58 25 16 09 08 
12 57 24 15 0A 08 
12 58 24 16 09 08 
12 57 23 15 09 08 
12 57 23 15 09 08 
12 57 23 15 09 08 
12 57 22 15 09 08 
12 57 22 15 09 08 
12 56 22 14 09 08 
12 56 22 14 09 07 
12 56 21 14 0A 08 
12 57 21 15 09 08 
12 57 20 15 09 08 
12 57 20 15 0A 08 
12 57 20 15 0A 08 
12 57 20 15 0B 08 
12 57 20 15 0B 08 
12 58 1F 16 0B 08 
12 58 1F 16 08 08 
12 58 20 16 08 08 
12 59 20 17 08 08 
12 59 20 17 08 08 
12 59 20 17 0B 08 
12 58 21 16 0B 08 
12 58 21 16 0A 09 
12 58 22 16 0A 08 
12 58 22 16 0A 07 
12 58 22 16 0A 08 
12 58 23 16 0A 08 
12 58 23 16 0A 08 
12 57 24 15 0A 08 
12 57 24 15 09 08 
12 57 24 15 09 08 
12 57 24 15 09 08 
12 57 24 15 09 08 
12 57 24 15 0A 08 
12 57 25 15 0B 08 
12 57 25 15 0B 08 
12 57 25 15 08 08 
12 58 25 16 08 07 
12 59 25 17 09 08 
12 59 25 17 09 08 
12 59 25 17 09 08 
12 59 25 17 09 08 
12 5A 25 18 09 08 
12 5A 26 18 09 08 
12 5B 26 19 09 08 
12 5A 27 18 09 09 
12 5B 27 19 09 08 
12 5B 2A 19 09 08 
12 5B 2A 19 09 08 
12 5B 2A 19 09 08 
12 5B 2D 19 09 08 
12 5B 2D 19 09 08 
12 5B 31 19 09 08 
12 5B 31 19 09 08 
12 5B 35 19 09 08 
12 5B 35 19 08 08 
12 5B 39 19 09 08 
12 5B 39 19 08 08 
12 5C 3D 1A 08 08 
12 5B 3D 19 08 08 
12 5B 3D 19 08 08 
12 5B 40 19 08 08 
12 5B 40 19 08 08 
12 5B 41 19 08 08 
12 5B 41 19 08 08 
12 5B 42 19 08 07 
12 5B 42 19 08 08 
12 5B 42 19 08 08 
12 5B 42 19 08 08 
12 5B 42 19 08 08 
12 5B 42 19 08 08 
12 5B 41 19 08 08 
12 5B 41 19 08 08 
12 5B 41 19 08 08 
12 5B 40 19 08 08 
12 5B 40 19 0B 08 
12 5B 3F 19 0B 08 
12 5B 3F 19 0B 08 
12 5B 3E 19 0B 08 
12 5A 3E 18 0B 08 
12 5A 3C 18 0B 08 
12 5B 3C 19 0B 08 
12 5B 3B 19 0B 08 
12 5A 3B 18 0B 08 
12 5A 3B 18 0B 08 
12 5A 3A 18 0B 08 
12 5A 3A 18 0B 08 
12 5A 39 18 0B 08 
12 5A 39 18 0B 08 
12 5A 37 18 0B 08 
12 5A 37 18 0B 08 
12 5A 37 18 0B 08 
12 5A 37 18 0A 08 
12 5A 35 18 0A 08 
12 59 35 17 0A 08 
12 59 35 17 0A 08 
12 59 34 17 0A 08 
12 59 34 17 0A 08 
12 59 33 17 0A 08 
12 58 33 16 0A 08 
12 58 31 16 0A 08 
12 58 31 16 0A 08 
12 58 30 16 0A 07 
12 58 30 16 0A 08 
12 58 2E 16 0A 08 
12 58 2E 16 0A 08 
12 58 2C 16 0A 08 
12 58 2C 16 0A 07 
12 58 2C 16 0A 08 
12 58 2B 16 0A 08 
12 58 2B 16 0A 08 
12 58 2A 16 0A 08 
12 58 2A 16 0A 08 
12 58 28 16 0A 08 
12 58 28 16 0A 08 
12 58 28 16 0A 08 
12 58 28 16 0A 08 
12 58 27 16 0A 08 
12 58 27 16 0A 08 
12 57 27 15 09 08 
12 57 27 15 09 08 
12 57 27 15 08 08 
12 57 27 15 08 08 
12 56 27 14 08 08 
12 56 26 14 08 08 
12 55 26 13 03 08 
12 55 25 13 03 08 
12 54 25 12 03 08 
12 54 24 12 02 08 
12 54 24 12 02 08 
12 53 22 11 03 08 
12 53 22 11 08 08 
12 53 22 11 08 08 
12 53 21 11 09 08 
12 54 21 12 09 08 
12 54 1F 12 0B 08 
12 55 1F 13 08 08 
12 56 1D 14 09 08 
12 57 1D 15 0A 08 
12 57 1C 15 0A 08 
12 58 1C 16 0A 07 
12 58 1D 16 0A 08 
12 59 1D 17 0A 07 
12 5A 1D 18 0A 08 
12 5A 1E 18 0A 08 
12 5B 1E 19 0A 08 
12 5B 20 19 0A 08 
12 5B 20 19 0A 09 
12 5B 23 19 0A 08 
12 5B 23 19 09 08 
12 5B 27 19 08 08 
12 5B 27 19 09 08 
12 5B 2D 19 09 08 
12 5B 2D 19 09 08 
12 5B 2D 19 09 08 
12 5B 33 19 09 08 
12 5B 33 19 0A 08 
12 5C 3A 1A 0A 08 
12 5C 3A 1A 0A 08 
12 5C 40 1A 0B 08 
12 5D 40 1B 0B 08 
12 5D 45 1B 20 08 
12 5E 45 1C 20 07 
12 5E 4A 1C 20 08 
12 5E 4A 1C 20 08 
12 5F 4D 1D 20 07 
12 5F 4D 1D 20 08 
12 5F 4D 1D 20 08 
12 60 50 1E 21 08 
12 60 50 1E 21 08 
12 60 53 1E 21 08 
12 60 53 1E 21 08 
12 60 57 1E 21 08 
12 61 57 1F 21 08 
12 61 5A 1F 20 08 
12 61 5A 1F 21 08 
12 61 5E 1F 20 08 
12 61 5E 1F 20 07 
12 61 5E 1F 20 08 
12 61 62 1F 20 08 
12 61 62 1F 20 08 
12 61 65 1F 20 07 
12 61 65 1F 20 08 
12 61 68 1F 20 08 
12 61 68 1F 20 08 
12 61 69 1F 20 08 
12 61 69 1F 0B 08 
12 61 6A 1F 0B 08 
12 61 6A 1F 0B 08 
12 60 6A 1E 0B 08 
12 60 6B 1E 0B 08 
12 60 6B 1E 0B 08 
12 60 6A 1E 0A 08 
12 60 6A 1E 09 08 
12 5F 69 1D 08 08 
12 5F 69 1D 0B 08 
12 5E 67 1C 0B 07 
12 5D 67 1B 0A 08 
12 5D 63 1B 0A 08 
12 5C 63 1A 09 08 
12 5B 5E 19 09 08 
12 5B 5E 19 09 08 
12 5B 5E 19 09 08 
12 5A 58 18 09 08 
12 5A 58 18 09 08 
12 5A 51 18 09 08 
12 59 51 17 09 08 
12 59 4A 17 09 08 
12 59 4A 17 09 08 
12 59 43 17 09 08 
12 59 43 17 09 08 
12 59 3C 17 09 08 
12 58 3C 16 09 08 
12 58 3C 16 09 08 
12 58 34 16 09 08 
12 58 34 16 0A 08 
12 58 2D 16 0A 07 
12 58 2D 16 0B 08 
12 58 27 16 0B 08 
12 58 27 16 0B 08 
12 58 25 16 0A 08 
12 58 25 16 0A 08 
12 58 23 16 0B 08 
12 58 23 16 0B 08 
12 59 23 17 0B 08 
12 59 22 17 0B 08 
12 59 22 17 0B 08 
12 59 22 17 08 08 
12 59 22 17 08 08 
12 5A 22 18 08 08 
12 5A 22 18 08 08 
12 5A 23 18 08 08 
12 5A 23 18 08 08 
12 5A 24 18 08 08 
12 5B 24 19 08 08 
12 5A 26 18 08 08 
12 5B 26 19 08 08 
12 5B 26 19 08 08 
12 5B 28 19 08 08 
12 5B 28 19 08 08 
12 5B 2C 19 08 08 
12 5B 2C 19 08 08 
12 5B 2E 19 08 08 
12 5B 2E 19 08 08 
12 5B 31 19 08 07 
12 5B 31 19 08 08 
12 5B 34 19 08 08 
12 5B 34 19 08 08 
12 5B 34 19 08 08 
12 5B 36 19 08 08 
12 5B 36 19 08 08 
12 5B 37 19 08 08 
12 5B 37 19 08 08 
12 5B 38 19 08 08 
12 5B 38 19 08 08 
12 5B 39 19 08 08 
12 5B 39 19 08 08 
12 5B 39 19 0B 08 
12 5B 39 19 08 08 
12 5B 39 19 0B 08 
12 5B 39 19 0B 08 
12 5B 39 19 0B 08 
12 5B 38 19 0B 08 
12 5B 38 19 0B 08 
12 5B 37 19 0B 08 
12 5A 37 18 0B 08 
12 5B 36 19 0B 08 
12 5A 36 18 0B 09 
12 5A 35 18 0B 07 
12 5A 35 18 0B 08 
12 5A 34 18 0B 08 
12 5A 34 18 0B 08 
12 5A 34 18 0B 07 
12 5A 33 18 0B 08 
12 5A 33 18 0B 08 
12 5A 32 18 0B 08 
12 5A 32 18 0B 08 
12 5A 31 18 0B 08 
12 5A 31 18 0B 07 
12 5A 30 18 0B 08 
12 5A 30 18 0B 08 
12 5A 30 18 0B 08 
12 5A 30 18 0B 08 
12 5A 30 18 0B 08 
12 5A 2F 18 0B 08 
12 5A 2F 18 0B 08 
12 59 2E 17 0B 08 
12 5A 2E 18 0B 07 
12 5A 2E 18 0B 08 

