12 7E 19 3A 21 07 
12 7D 19 39 21 07 
12 7D 19 39 21 08 
12 7D 19 39 21 08 
12 7B 18 37 21 08 
12 7D 18 39 21 07 
12 7E 18 3A 29 07 
12 7D 18 39 29 07 
12 7D 18 39 28 08 
12 7E 18 3A 29 07 
12 78 18 34 40 07 
12 80 18 3C 49 07 
12 82 18 3E 49 08 
12 83 18 3F 48 07 
12 81 18 3D 41 07 
12 82 18 3E 40 08 
12 80 18 3C 40 06 
12 87 19 43 40 08 
12 86 19 42 28 07 
12 7E 1A 3A 28 08 
12 7C 1A 38 28 07 
12 7C 1A 38 21 07 
12 7D 1A 39 21 07 
12 7B 1A 37 21 07 
12 7B 1B 37 21 07 
12 7A 1B 36 20 07 
12 79 1C 35 21 07 
12 78 1C 34 20 08 
12 78 1C 34 21 07 
12 79 1C 35 28 08 
12 79 1D 35 28 08 
12 7A 1D 36 40 07 
12 7B 1D 37 40 08 
12 7C 1D 38 41 07 
12 7C 1D 38 41 07 
12 7D 1E 39 41 07 
12 80 1E 3C 48 07 
12 82 1E 3E 49 08 
12 83 1E 3F 48 06 
12 84 1E 40 48 07 
12 84 1E 40 48 08 
12 83 1F 3F 48 08 
12 84 1F 40 48 07 
12 84 20 40 48 08 
12 84 20 40 40 07 
12 83 20 3F 40 07 
12 83 21 3F 41 07 
12 80 21 3C 40 07 
12 81 21 3D 28 08 
12 81 21 3D 28 07 
12 78 22 34 28 07 
12 82 22 3E 40 08 
12 81 23 3D 41 07 
12 87 23 43 29 07 
12 87 23 43 28 07 
12 80 23 3C 29 08 
12 7D 23 39 29 07 
12 7F 23 3B 28 07 
12 7F 23 3B 29 07 
12 7F 23 3B 28 08 
12 7E 23 3A 28 07 
12 7F 22 3B 28 07 
12 7F 22 3B 21 08 
12 87 22 43 40 07 
12 81 22 3D 41 07 
12 80 21 3C 40 07 
12 80 21 3C 41 07 
12 7F 21 3B 40 07 
12 7F 1F 3B 28 06 
12 7E 1F 3A 29 08 
12 7D 1E 39 29 07 
12 7E 1E 3A 29 07 
12 7E 1D 3A 28 06 
12 7E 1D 3A 28 07 
12 7C 1C 38 28 07 
12 7C 1C 38 29 07 
12 7E 1B 3A 28 07 
12 7F 1B 3B 29 08 
12 7C 1A 38 29 07 
12 7E 1A 3A 28 08 
12 7F 1A 3B 40 08 
12 7E 19 3A 40 07 
12 7F 19 3B 40 07 
12 7E 18 3A 29 07 
12 7F 18 3B 28 08 
12 81 17 3D 29 08 
12 80 17 3C 40 07 
12 81 17 3D 40 07 
12 84 17 40 41 08 
12 82 17 3E 41 07 
12 82 17 3E 41 06 
12 83 17 3F 41 08 
12 83 17 3F 40 07 
12 83 17 3F 28 08 
12 81 17 3D 29 07 
12 82 17 3E 28 07 
12 86 17 42 40 08 
12 86 17 42 48 08 
12 87 17 43 49 07 
12 85 17 41 48 07 
12 88 18 44 48 07 
12 87 18 43 48 07 
12 85 18 41 49 07 
12 85 18 41 49 07 
12 84 18 40 49 07 
12 86 19 42 41 07 
12 86 19 42 40 07 
12 85 19 41 48 07 
12 86 19 42 40 07 
12 85 19 41 41 08 
12 84 19 40 28 08 
12 84 1A 40 28 08 
12 83 1A 3F 28 07 
12 81 1A 3D 29 07 
12 7F 19 3B 28 07 
12 81 19 3D 20 08 
12 80 19 3C 20 07 
12 7F 19 3B 21 07 
12 7E 19 3A 20 08 
12 7B 19 37 20 07 
12 7A 18 36 20 06 
12 7B 18 37 21 07 
12 7B 17 37 21 08 
12 77 17 33 21 07 
12 77 16 33 29 07 
12 76 16 32 21 07 
12 77 16 33 21 06 
12 76 15 32 29 07 
12 76 15 32 29 07 
12 75 15 31 29 08 
12 74 15 30 28 08 
12 71 14 2D 28 07 
12 70 14 2C 29 07 
12 71 13 2D 29 08 
12 71 13 2D 29 08 
12 70 12 2C 28 07 
12 70 12 2C 20 08 
12 70 12 2C 29 07 
12 72 11 2E 41 06 
12 76 11 32 41 07 
12 77 10 33 41 09 
12 77 10 33 40 07 
12 76 10 32 40 06 
12 77 10 33 41 07 
12 76 0F 32 40 07 
12 77 0F 33 40 07 
12 77 0F 33 29 07 
12 74 0F 30 29 07 
12 74 0F 30 29 07 
12 73 0F 2F 29 08 
12 72 0F 2E 21 07 
12 72 0F 2E 21 08 
12 71 0F 2D 21 07 
12 72 0F 2E 21 07 
12 70 0F 2C 29 07 
12 70 0F 2C 28 07 
12 6F 0F 2B 20 07 
12 6E 0F 2A 21 07 
12 6E 0F 2A 20 07 
12 6F 0F 2B 20 08 
12 6F 0F 2B 20 07 
12 6D 0F 29 20 07 
12 6D 0F 29 20 08 
12 6C 0F 28 28 07 
12 6C 0F 28 29 06 
12 6B 0F 27 28 08 
12 69 0E 25 29 08 
12 69 0E 25 28 07 
12 69 0E 25 29 08 
12 68 0E 24 28 07 
12 67 0D 23 28 07 
12 67 0D 23 21 08 
12 66 0D 22 20 07 
12 66 0D 22 21 08 
12 65 0D 21 20 08 
12 66 0C 22 28 07 
12 65 0C 21 29 07 
12 65 0C 21 29 06 
12 67 0C 23 28 07 
12 65 0B 21 29 07 
12 69 0B 25 20 08 
12 6E 0B 2A 28 07 
12 6F 0B 2B 40 07 
12 72 0B 2E 41 08 
12 71 0B 2D 40 08 
12 73 0B 2F 41 07 
12 75 0B 31 40 07 
12 76 0B 32 40 08 
12 74 0C 30 40 07 
12 75 0C 31 41 07 
12 76 0D 32 29 07 
12 77 0D 33 41 08 
12 78 0E 34 40 07 
12 78 0E 34 29 07 
12 7B 0E 37 40 07 
12 7C 0F 38 40 08 
12 7A 0F 36 40 07 
12 7A 10 36 29 07 
12 7C 10 38 29 07 
12 7B 11 37 29 07 
12 7B 11 37 21 07 
12 7B 13 37 20 07 
12 7A 13 36 21 08 
12 7A 14 36 20 07 
12 79 14 35 21 08 
12 78 15 34 28 07 
12 79 15 35 28 08 
12 79 15 35 28 07 
12 77 15 33 29 07 
12 78 15 34 28 08 
12 78 15 34 28 08 
12 76 15 32 29 07 
12 78 15 34 28 08 
12 78 15 34 28 07 
12 79 15 35 29 07 
12 7C 15 38 40 07 
12 7A 15 36 41 07 
12 7C 15 38 40 06 
12 7D 15 39 40 07 
12 7C 15 38 40 08 
12 7C 15 38 40 08 
12 77 15 33 48 07 
12 82 15 3E 48 07 
12 81 15 3D 49 08 
12 85 15 41 40 08 
12 86 15 42 40 07 
12 86 15 42 41 07 
12 89 16 45 41 08 
12 8A 16 46 41 07 
12 8A 16 46 41 07 
12 8A 16 46 49 08 
12 89 16 45 48 08 
12 87 16 43 41 07 
12 86 16 42 40 07 
12 87 16 43 40 08 
12 85 16 41 29 07 
12 87 16 43 29 08 
12 86 16 42 28 08 
12 84 16 40 29 07 
12 82 16 3E 29 07 
12 81 16 3D 28 07 
12 83 16 3F 29 07 
12 82 16 3E 28 08 
12 82 15 3E 48 06 
12 86 15 42 40 08 
12 85 15 41 49 07 
12 87 15 43 48 07 
12 86 15 42 49 07 
12 89 15 45 49 07 
12 88 15 44 48 07 
12 88 15 44 49 07 
12 89 15 45 41 07 
12 89 15 45 40 08 
12 89 15 45 40 07 
12 86 15 42 41 07 
12 88 15 44 49 07 
12 85 16 41 48 07 
12 87 16 43 49 08 
12 86 17 42 48 07 
12 84 17 40 41 07 
12 84 18 40 41 08 
12 84 18 40 41 07 
12 81 19 3D 40 07 
12 78 19 34 40 08 
12 80 19 3C 29 07 
12 80 1A 3C 28 06 
12 7E 1A 3A 28 07 
12 7F 1B 3B 29 08 
12 7E 1B 3A 28 07 
12 7B 1C 37 29 07 
12 7B 1C 37 28 08 
12 7B 1D 37 20 08 
12 7A 1D 36 20 07 
12 78 1D 34 21 07 
12 77 1D 33 20 08 
12 76 1D 32 20 07 
12 79 1D 35 21 06 
12 7A 1D 36 49 07 
12 7D 1C 39 49 07 
12 7D 1C 39 48 07 
12 87 1B 43 40 07 
12 82 1B 3E 41 08 
12 83 1A 3F 41 07 
12 83 1A 3F 41 07 
12 81 19 3D 49 07 
12 83 19 3F 49 07 
12 83 19 3F 41 07 
12 81 18 3D 41 07 
12 80 18 3C 41 07 
12 82 17 3E 40 07 
12 87 17 43 40 07 
12 7E 16 3A 29 07 
12 7D 16 39 29 07 
12 7F 14 3B 29 08 
12 7E 14 3A 28 07 
12 7B 13 37 21 07 
12 7A 13 36 21 07 
12 7B 12 37 20 07 
12 7B 12 37 28 08 
12 7A 12 36 28 07 
12 7C 11 38 28 07 
12 7B 11 37 28 07 
12 7A 11 36 28 07 
12 7A 11 36 29 08 
12 79 10 35 21 07 
12 78 10 34 21 07 
12 77 0F 33 20 07 
12 74 0F 30 21 08 
12 75 0F 31 21 07 
12 73 0F 2F 20 07 
12 73 0F 2F 28 08 
12 72 0E 2E 29 07 
12 70 0E 2C 29 06 
12 70 0E 2C 29 07 
12 70 0E 2C 29 07 
12 6F 0D 2B 28 08 
12 6E 0D 2A 29 07 
12 6B 0D 27 29 08 
12 6C 0D 28 28 08 
12 6C 0C 28 21 07 
12 6B 0C 27 28 07 
12 6D 0C 29 28 07 
12 6B 0C 27 20 07 
12 6C 0C 28 21 07 
12 6E 0C 2A 20 08 
12 6E 0C 2A 20 08 
12 6E 0B 2A 21 07 
12 6E 0B 2A 21 07 
12 6D 0B 29 20 08 
12 6C 0B 28 21 07 
12 6C 0B 28 20 07 
12 6B 0B 27 29 07 
12 6C 0B 28 29 07 
12 6C 0B 28 29 07 
12 6B 0B 27 29 07 
12 6A 0B 26 29 07 
12 6B 0B 27 20 06 
12 6A 0B 26 21 07 
12 69 0B 25 20 07 
12 6A 0B 26 20 08 
12 68 0B 24 21 07 
12 69 0B 25 20 07 
12 68 0B 24 29 08 
12 68 0B 24 28 07 
12 66 0B 22 28 07 
12 66 0B 22 28 07 
12 64 0B 20 29 08 
12 65 0B 21 28 08 
12 63 0B 1F 28 07 
12 63 0B 1F 29 08 
12 64 0B 20 29 08 
12 65 0B 21 28 07 
12 65 0A 21 29 07 
12 64 0A 20 29 08 
12 64 0A 20 28 07 
12 63 0A 1F 28 07 
12 66 0A 22 21 08 
12 65 09 21 20 08 
12 68 09 24 20 08 
12 67 09 23 20 07 
12 68 09 24 21 07 
12 67 09 23 20 07 
12 67 09 23 21 07 
12 68 09 24 20 07 
12 68 09 24 20 07 
12 69 09 25 20 07 
12 6A 09 26 29 06 
12 6B 09 27 28 07 
12 6A 0A 26 21 07 
12 49 03 05 21 07 
12 4B 03 07 21 07 
12 4D 03 09 20 07 
12 50 03 0C 28 07 
12 53 03 0F 29 07 
12 58 03 14 20 07 
12 5B 03 17 20 08 
12 5E 04 1A 21 07 
12 5F 04 1B 29 07 
12 62 04 1E 28 07 
12 65 05 21 28 07 
12 65 05 21 28 08 
12 6B 06 27 29 08 
12 6E 06 2A 40 07 
12 70 07 2C 41 07 
12 70 07 2C 40 06 
12 72 09 2E 41 08 
12 74 09 30 40 07 
12 76 0B 32 41 07 
12 78 0B 34 40 07 
12 7A 0B 36 48 07 
12 79 0E 35 48 08 
12 7A 0E 36 40 08 
12 78 10 34 40 07 
12 7B 10 37 41 07 
12 7B 13 37 40 08 
12 7A 13 36 29 08 
12 7A 15 36 28 07 
12 7A 15 36 29 07 
12 7A 17 36 29 08 
12 79 17 35 28 07 
12 78 17 34 28 07 
12 78 19 34 29 07 
12 79 19 35 28 08 
12 79 1B 35 29 08 
12 78 1B 34 29 07 
12 76 1C 32 29 07 
12 76 1C 32 29 07 
12 79 1D 35 29 07 
12 7B 1D 37 40 07 
12 7A 1E 36 40 07 
12 7B 1E 37 41 07 
12 7C 1E 38 29 07 
12 7A 1E 36 28 07 
12 7B 1E 37 28 07 
12 79 1E 35 29 07 
12 7B 1E 37 21 08 
12 7A 1E 36 20 07 
12 7A 1E 36 21 07 
12 7A 1E 36 21 07 
12 7A 1E 36 21 07 
12 7A 1D 36 28 07 
12 7A 1D 36 28 08 
12 7A 1C 36 28 07 
12 7A 1C 36 20 07 
12 79 1C 35 20 08 
12 79 1C 35 20 08 
12 79 1C 35 21 08 
12 78 1B 34 29 07 
12 79 1B 35 28 07 
12 76 1A 32 28 07 
12 76 1A 32 28 07 
12 77 19 33 20 07 
12 75 19 31 21 07 
12 74 18 30 21 07 
12 73 18 2F 20 07 
12 74 18 30 21 08 
12 74 17 30 29 07 
12 72 17 2E 28 07 
12 71 16 2D 29 07 
12 71 16 2D 29 07 
12 70 15 2C 28 07 
12 6F 15 2B 29 08 
12 6C 14 28 29 06 
12 6C 14 28 21 07 
12 6D 13 29 20 07 
12 6C 13 28 21 08 
12 6B 13 27 21 07 
12 69 12 25 20 07 
12 69 12 25 20 08 
12 67 10 23 21 08 
12 67 10 23 21 07 
12 66 0F 22 20 07 
12 64 0F 20 21 07 
12 65 0E 21 20 07 
12 64 0E 20 20 07 
12 64 0D 20 21 07 
12 63 0D 1F 21 08 
12 61 0C 1D 20 07 
12 61 0C 1D 21 07 
12 5F 0C 1B 20 07 
12 60 0C 1C 20 07 
12 5E 0C 1A 21 07 
12 5F 0B 1B 20 08 
12 5E 0B 1A 21 08 
12 5E 0A 1A 20 07 
12 5E 0A 1A 20 08 
12 5C 09 18 21 07 
12 5C 09 18 21 07 
12 5C 09 18 21 07 
12 5B 09 17 21 08 
12 5B 09 17 20 07 
12 5B 08 17 21 07 
12 5A 08 16 21 06 
12 59 08 15 21 07 
12 5A 08 16 21 07 
12 5A 07 16 21 07 
12 5B 07 17 21 07 
12 59 07 15 21 07 
12 5A 07 16 21 07 
12 58 07 14 21 07 
12 58 07 14 20 07 
12 58 07 14 21 08 
12 57 06 13 21 07 
12 57 06 13 21 07 
12 58 06 14 21 07 
12 56 06 12 21 07 
12 58 06 14 28 07 
12 5E 06 1A 20 07 
12 5F 06 1B 20 07 
12 60 06 1C 21 08 
12 61 05 1D 20 08 
12 62 05 1E 20 07 
12 62 05 1E 21 07 
12 63 05 1F 20 07 
12 61 05 1D 20 07 
12 61 05 1D 21 07 
12 63 05 1F 20 07 
12 62 05 1E 20 07 
12 60 05 1C 29 08 
12 61 05 1D 20 07 
12 62 05 1E 20 07 
12 62 05 1E 20 07 
12 62 05 1E 21 07 
12 62 05 1E 20 07 
12 64 05 20 21 08 
12 63 05 1F 20 07 
12 63 05 1F 21 07 
12 65 05 21 20 07 
12 64 05 20 28 07 
12 64 05 20 21 07 
12 65 05 21 21 07 
12 67 05 23 21 07 
12 65 06 21 28 07 
12 67 06 23 29 07 
12 67 06 23 28 07 
12 6A 06 26 29 07 
12 6B 06 27 28 08 
12 6B 06 27 28 07 
12 6C 06 28 28 07 
12 6B 06 27 29 08 
12 6B 06 27 20 08 
12 69 06 25 21 07 
12 6A 06 26 20 08 
12 6A 06 26 20 08 
12 69 06 25 20 07 
12 6C 06 28 29 07 
12 6C 06 28 29 07 
12 6E 06 2A 28 08 
12 6D 07 29 29 07 
12 6E 07 2A 28 07 
12 70 07 2C 41 09 
12 6F 07 2B 41 07 
12 71 07 2D 40 06 
12 71 07 2D 40 06 
12 70 07 2C 41 07 
12 72 07 2E 28 07 
12 70 08 2C 29 06 
12 71 08 2D 28 08 
12 70 08 2C 28 08 
12 6F 08 2B 28 07 
12 71 08 2D 29 08 
12 70 08 2C 29 07 
12 71 08 2D 28 07 
12 71 08 2D 21 07 
12 6F 08 2B 28 07 
12 70 08 2C 20 08 
12 6F 08 2B 20 07 
12 70 09 2C 20 07 
12 70 09 2C 20 08 
12 6F 09 2B 21 07 
12 6D 09 29 21 07 
12 6E 09 2A 21 07 
12 6C 09 28 21 07 
12 6C 09 28 21 07 
12 6B 09 27 21 08 
12 6C 09 28 20 07 
12 6B 09 27 20 08 
12 6A 09 26 21 07 
12 6C 08 28 20 08 
12 6B 08 27 20 07 
12 6D 08 29 21 08 
12 6B 08 27 21 06 
12 6B 08 27 20 07 
12 6A 08 26 20 08 
12 6D 08 29 21 07 
12 6E 08 2A 21 07 
12 6F 08 2B 29 08 
12 6F 08 2B 28 07 
12 70 08 2C 28 07 
12 70 08 2C 41 06 
12 72 08 2E 40 08 
12 73 08 2F 41 06 
12 73 08 2F 40 08 
12 71 08 2D 41 07 
12 73 08 2F 40 08 
12 73 08 2F 29 07 
12 71 08 2D 28 07 
12 72 08 2E 28 08 
12 72 09 2E 29 07 
12 71 09 2D 28 06 
12 72 09 2E 29 08 
12 6F 09 2B 29 07 
12 70 0A 2C 29 07 
12 71 0A 2D 29 08 
12 70 0A 2C 28 07 
12 71 0A 2D 29 07 
12 6E 0A 2A 29 07 
12 6E 0B 2A 28 07 
12 6F 0B 2B 20 07 
12 6F 0B 2B 20 07 
12 6E 0B 2A 20 07 
12 6E 0B 2A 20 08 
12 6E 0B 2A 20 08 
12 6D 0B 29 20 07 
12 6D 0B 29 28 07 
12 6F 0B 2B 20 08 
12 6D 0B 29 21 06 
12 6F 0B 2B 28 08 
12 6D 0A 29 28 07 
12 6D 0A 29 21 06 
12 6E 0A 2A 21 08 
12 6D 0A 29 20 08 
12 6C 0A 28 21 08 
12 6C 0A 28 21 07 
12 6B 0A 27 21 07 
12 6A 0A 26 29 07 
12 69 09 25 28 07 
12 6A 09 26 29 08 
12 68 09 24 29 08 
12 67 09 23 29 08 
12 69 09 25 28 07 
12 69 09 25 29 08 
12 68 09 24 28 08 
12 69 09 25 29 07 
12 68 09 24 21 07 
12 68 09 24 21 08 
12 68 09 24 21 06 
12 68 09 24 20 08 
12 6A 09 26 21 08 
12 6B 09 27 28 07 
12 6D 09 29 28 07 
12 6E 09 2A 29 07 
12 6D 09 29 28 08 
12 70 09 2C 40 07 
12 73 09 2F 40 07 
12 73 09 2F 41 08 
12 75 09 31 40 07 
12 74 09 30 40 07 
12 75 0A 31 41 08 
12 77 0A 33 41 08 
12 75 0A 31 41 07 
12 75 0A 31 40 07 
12 77 0A 33 41 07 
12 7A 0B 36 41 07 
12 7A 0B 36 40 07 
12 7A 0C 36 40 07 
12 7B 0C 37 41 08 
12 7B 0D 37 40 07 
12 7B 0D 37 41 07 
12 7A 0E 36 41 07 
12 7A 0E 36 41 07 
12 7A 10 36 40 06 
12 7B 10 37 40 07 
12 79 10 35 41 08 
12 7A 11 36 40 07 
12 7A 11 36 40 07 
12 7A 12 36 29 08 
12 7A 12 36 28 07 
12 7A 14 36 21 07 
12 78 14 34 29 07 
12 79 15 35 29 07 
12 7A 15 36 28 06 
12 79 16 35 29 07 
12 79 16 35 29 07 
12 78 16 34 29 08 
12 79 16 35 28 07 
12 7A 16 36 41 07 
12 7B 17 37 41 08 
12 7B 17 37 41 07 
12 79 17 35 40 07 
12 7A 17 36 41 07 
12 78 18 34 40 07 
12 79 18 35 29 07 
12 78 19 34 28 07 
12 77 19 33 29 08 
12 76 19 32 29 07 
12 75 19 31 28 07 
12 75 19 31 21 08 
12 74 1A 30 28 07 
12 74 1A 30 28 07 
12 76 1A 32 28 06 
12 76 1A 32 40 07 
12 79 1B 35 40 08 
12 79 1B 35 40 07 
12 7A 1C 36 40 08 
12 79 1C 35 40 08 
12 79 1D 35 28 07 
12 77 1D 33 29 07 
12 76 1D 32 29 07 
12 75 1E 31 29 07 
12 75 1E 31 21 07 
12 76 20 32 20 07 
12 75 20 31 21 07 
12 74 20 30 21 07 
12 73 20 2F 20 06 
12 71 21 2D 29 08 
12 72 21 2E 29 07 
12 71 21 2D 28 07 
12 70 21 2C 29 08 
12 6F 21 2B 28 07 
12 70 21 2C 21 07 
12 6F 21 2B 29 07 
12 72 21 2E 29 07 
12 70 21 2C 29 08 
12 71 21 2D 28 07 
12 72 21 2E 28 08 
12 70 21 2C 28 08 
12 6F 21 2B 29 07 
12 6E 21 2A 29 07 
12 6F 21 2B 28 07 
12 70 20 2C 29 07 
12 6F 20 2B 29 07 
12 70 20 2C 28 07 
12 71 20 2D 28 07 
12 70 20 2C 29 06 
12 73 20 2F 28 08 
12 71 20 2D 29 08 
12 71 20 2D 28 07 
12 70 20 2C 28 08 
12 72 20 2E 28 07 
12 71 20 2D 20 08 
12 71 20 2D 21 08 
12 6F 20 2B 28 07 
12 70 20 2C 29 07 
12 70 21 2C 28 07 
12 71 21 2D 29 07 
12 6F 21 2B 29 06 
12 6F 21 2B 21 08 
12 70 21 2C 29 08 
12 70 21 2C 29 07 
12 73 21 2F 29 08 
12 72 21 2E 40 07 
12 75 20 31 28 08 
12 75 20 31 29 08 
12 75 20 31 29 07 
12 74 20 30 29 07 
12 72 20 2E 29 07 
12 74 20 30 29 07 
12 74 20 30 29 07 
12 73 20 2F 28 08 
12 71 20 2D 29 07 
12 71 1F 2D 28 07 
12 71 1F 2D 29 07 
12 70 20 2C 29 07 
12 6F 20 2B 28 07 
12 6E 20 2A 28 07 
12 6D 21 29 21 07 
12 6D 21 29 20 07 
12 70 22 2C 28 07 
12 73 22 2F 40 07 
12 74 23 30 49 07 
12 75 23 31 48 07 
12 77 25 33 49 07 
12 76 25 32 48 07 
12 76 28 32 40 07 
12 76 28 32 41 07 
12 75 2A 31 41 07 
12 75 2A 31 29 07 
12 75 2A 31 29 08 
12 73 2D 2F 28 07 
12 72 2D 2E 29 08 
12 72 2F 2E 28 07 
12 71 2F 2D 21 08 
12 73 31 2F 21 07 
12 73 31 2F 29 08 
12 74 32 30 28 07 
12 76 32 32 40 06 
12 78 31 34 41 07 
12 76 31 32 41 07 
12 78 31 34 41 07 
12 78 30 34 41 07 
12 79 30 35 41 07 
12 78 2E 34 40 07 
12 78 2E 34 28 08 
12 76 2B 32 28 07 
12 75 2B 31 29 07 
12 77 28 33 28 08 
12 74 28 30 29 07 
12 74 26 30 29 07 
12 76 26 32 28 07 
12 76 26 32 28 07 
12 73 24 2F 28 07 
12 75 24 31 28 07 
12 74 22 30 29 07 
12 75 22 31 29 06 
12 74 20 30 28 08 
12 74 20 30 21 07 
12 73 1E 2F 28 07 
12 71 1E 2D 28 07 
12 73 1D 2F 29 07 
12 71 1D 2D 29 08 
12 71 1B 2D 28 07 
12 72 1B 2E 28 08 
12 74 1B 30 29 07 
12 73 19 2F 29 07 
12 77 19 33 40 06 
12 78 18 34 40 08 
12 77 18 33 49 07 
12 79 17 35 40 08 
12 78 17 34 41 07 
12 77 16 33 41 08 
12 79 16 35 40 08 
12 79 15 35 40 07 
12 77 15 33 28 08 
12 76 15 32 29 08 
12 77 14 33 28 07 
12 75 14 31 28 07 
12 77 14 33 28 08 
12 77 14 33 29 08 
12 77 13 33 40 07 
12 76 13 32 40 06 
12 78 13 34 41 07 
12 77 13 33 40 07 
12 78 13 34 29 07 
12 76 13 32 28 08 
12 75 13 31 29 07 
12 75 12 31 28 07 
12 74 12 30 29 06 
12 74 12 30 28 07 
12 75 12 31 28 07 
12 73 12 2F 21 06 
12 73 12 2F 20 07 
12 73 12 2F 20 07 
12 72 12 2E 20 07 
12 70 11 2C 20 06 
12 72 11 2E 21 07 
12 6F 11 2B 21 07 
12 6F 11 2B 21 07 
12 6E 11 2A 21 07 
12 6E 10 2A 21 07 
12 6F 10 2B 21 08 
12 6E 10 2A 20 07 
12 6E 10 2A 20 08 
12 6D 0F 29 29 08 
12 6C 0F 28 28 07 
12 6C 0F 28 28 07 
12 69 0F 25 28 08 
12 6A 0E 26 29 06 
12 6A 0E 26 28 07 
12 6A 0E 26 29 07 
12 69 0E 25 29 07 
12 69 0E 25 21 07 
12 6A 0D 26 21 06 
12 6C 0D 28 21 08 
12 6B 0C 27 20 07 
12 6B 0C 27 20 07 
12 6B 0B 27 20 07 
12 68 0B 24 29 08 
12 6A 0B 26 29 07 
12 68 0B 24 28 07 
12 68 0B 24 29 07 
12 66 0A 22 29 08 
12 67 0A 23 29 08 
12 66 0A 22 28 07 
12 68 0A 24 21 08 
12 69 0A 25 21 08 
12 69 0A 25 28 07 
12 6B 0A 27 28 07 
12 6C 0A 28 28 07 
12 6C 0A 28 28 07 
12 6E 0A 2A 40 07 
12 6F 0A 2B 40 08 
12 6F 0B 2B 28 07 
12 6E 0B 2A 29 07 
12 70 0C 2C 29 08 
12 70 0C 2C 28 08 
12 6E 0D 2A 28 06 
12 6F 0D 2B 28 07 
12 6E 0E 2A 21 07 
12 6C 0E 28 20 07 
12 6D 0F 29 20 07 
12 6C 0F 28 29 08 
12 70 0F 2C 29 08 
12 71 10 2D 29 07 
12 70 10 2C 29 08 
12 72 11 2E 29 07 
12 70 11 2C 29 07 
12 72 12 2E 29 07 
12 72 12 2E 28 07 
12 72 12 2E 29 08 
12 72 12 2E 28 07 
12 73 13 2F 29 07 
12 74 13 30 40 08 
12 73 13 2F 40 07 
12 74 13 30 28 07 
12 73 13 2F 28 07 
12 72 13 2E 29 07 
12 71 13 2D 21 07 
12 70 13 2C 21 07 
12 71 13 2D 20 07 
12 70 12 2C 20 07 
12 6F 12 2B 20 08 
12 6C 12 28 29 07 
12 6E 12 2A 28 07 
12 6D 11 29 28 07 
12 6B 11 27 28 06 
12 69 11 25 29 07 
12 6B 10 27 28 07 
12 6A 10 26 29 08 
12 6A 10 26 29 07 
12 6C 10 28 20 07 
12 6E 0F 2A 28 08 
12 6E 0F 2A 29 07 
12 6F 0E 2B 28 07 
12 6E 0E 2A 29 08 
12 6D 0E 29 29 08 
12 6C 0E 28 28 07 
12 6C 0E 28 20 07 
12 6B 0D 27 21 08 
12 6B 0D 27 21 07 
12 6A 0D 26 20 06 
12 6B 0D 27 29 08 
12 6A 0C 26 28 08 
12 6A 0C 26 29 06 
12 68 0C 24 28 07 
12 67 0C 23 29 07 
12 68 0C 24 29 07 
12 68 0C 24 28 07 
12 67 0B 23 29 07 
12 67 0B 23 28 08 
12 64 0B 20 28 07 
12 64 0B 20 29 07 
12 65 0B 21 29 08 
12 63 0B 1F 29 07 
12 63 0B 1F 28 08 
12 62 0A 1E 28 08 
12 61 0A 1D 21 07 
12 62 0A 1E 20 07 
12 61 0A 1D 21 07 
12 5F 09 1B 20 08 
12 60 09 1C 20 08 
12 60 09 1C 29 07 
12 5F 09 1B 28 08 
12 5E 09 1A 28 08 
12 5E 08 1A 29 06 
12 61 08 1D 29 07 
12 64 08 20 20 08 
12 65 08 21 21 07 
12 66 07 22 21 07 
12 67 07 23 20 07 
12 66 07 22 21 07 
12 67 07 23 20 08 
12 66 07 22 21 07 
12 67 07 23 21 08 
12 66 07 22 20 07 
12 68 06 24 21 08 
12 69 06 25 20 07 
12 68 06 24 21 08 
12 68 06 24 21 07 
12 68 06 24 20 07 
12 66 06 22 21 08 
12 67 06 23 20 08 
12 69 06 25 20 08 
12 6A 06 26 28 07 
12 69 06 25 21 07 
12 69 06 25 21 07 
12 6B 06 27 20 08 
12 6A 06 26 28 08 
12 6E 06 2A 29 08 
12 6E 06 2A 29 07 
12 6E 06 2A 28 07 
12 6F 06 2B 28 07 
12 6F 07 2B 28 08 
12 6F 07 2B 28 07 
12 6E 07 2A 28 08 
12 6F 07 2B 28 08 
12 6F 07 2B 29 07 
12 70 07 2C 29 07 
12 72 07 2E 41 08 
12 73 08 2F 40 07 
12 75 08 31 40 07 
12 74 08 30 41 07 
12 76 08 32 41 08 
12 76 09 32 41 07 
12 75 09 31 40 07 
12 77 0A 33 41 07 
12 76 0A 32 41 07 
12 74 0A 30 40 07 
12 74 0B 30 40 07 
12 76 0B 32 40 07 
12 76 0C 32 40 08 
12 75 0C 31 41 07 
12 77 0D 33 48 07 
12 77 0D 33 48 07 
12 78 0E 34 48 07 
12 77 0E 33 40 07 
12 78 0E 34 40 07 
12 76 0E 32 40 07 
12 76 0E 32 29 07 
12 73 0F 2F 28 07 
12 74 0F 30 28 07 
12 74 0F 30 21 07 
12 71 0F 2D 20 07 
12 72 0F 2E 21 07 
12 71 0F 2D 20 07 
12 6F 0F 2B 21 08 
12 70 0F 2C 20 07 
12 70 0F 2C 20 07 
12 6E 0F 2A 21 07 
12 6F 0F 2B 21 07 
12 6F 0E 2B 20 07 
12 6E 0E 2A 21 08 
12 6E 0D 2A 20 08 
12 6C 0D 28 21 07 
12 6E 0C 2A 20 08 
12 6D 0C 29 21 07 
12 70 0C 2C 28 07 
12 71 0C 2D 40 07 
12 72 0B 2E 41 08 
12 73 0B 2F 40 08 
12 76 0A 32 48 07 
12 78 0A 34 49 07 
12 77 0A 33 48 07 
12 76 0A 32 48 07 
12 79 0A 35 40 08 
12 78 09 34 48 08 
12 7B 09 37 49 07 
12 7B 09 37 49 07 
12 7C 09 38 49 07 
12 7D 09 39 48 07 
12 7D 09 39 49 07 
12 7B 09 37 49 07 
12 7D 09 39 41 07 
12 7C 09 38 41 07 
12 7B 09 37 40 07 
12 79 09 35 21 07 
12 78 09 34 28 07 
12 79 09 35 29 08 
12 78 09 34 28 07 
12 76 09 32 29 07 
12 76 09 32 28 07 
12 74 09 30 29 06 
12 73 09 2F 29 07 
12 74 09 30 28 08 
12 74 09 30 29 07 
12 73 09 2F 29 07 
12 74 09 30 29 07 
12 73 09 2F 28 08 
12 72 09 2E 29 07 
12 70 08 2C 29 07 
12 6F 08 2B 28 07 
12 6F 08 2B 28 07 
12 70 08 2C 20 07 
12 70 08 2C 21 07 
12 70 08 2C 20 08 
12 6E 07 2A 21 07 
12 6E 07 2A 21 08 
12 6D 07 29 20 08 
12 6D 07 29 21 08 
12 6C 07 28 20 07 
12 6A 06 26 29 06 
12 69 06 25 29 07 
12 68 06 24 28 07 
12 69 06 25 28 07 
12 68 06 24 29 08 
12 67 06 23 28 07 
12 66 05 22 28 07 
12 67 05 23 20 08 
12 66 05 22 20 07 
12 68 05 24 20 07 
12 67 05 23 20 07 
12 67 05 23 20 07 
12 68 05 24 20 08 
12 68 05 24 21 06 
12 68 05 24 28 07 
12 6A 05 26 29 08 
12 6A 05 26 28 08 
12 6A 04 26 29 07 
12 6A 04 26 29 07 
12 6B 04 27 29 08 
12 6B 04 27 28 07 
12 6B 04 27 29 07 
12 6B 05 27 29 07 
12 6B 05 27 28 07 
12 6B 05 27 20 07 
12 68 05 24 20 07 
12 68 05 24 21 08 
12 6A 05 26 20 07 
12 68 06 24 20 07 
12 6A 06 26 21 07 
12 68 06 24 21 08 
12 69 06 25 20 06 
12 6B 06 27 28 07 
12 6A 06 26 29 07 
12 6B 06 27 28 08 
12 6D 07 29 28 07 
12 6E 07 2A 28 07 
12 6E 08 2A 29 07 
12 6F 08 2B 28 08 
12 70 09 2C 28 07 
12 70 09 2C 28 08 
12 71 09 2D 41 07 
12 72 09 2E 41 07 
12 72 09 2E 49 06 
12 73 0A 2F 49 08 
12 74 0A 30 40 07 
12 72 0C 2E 41 07 
12 74 0C 30 40 08 
12 71 0D 2D 28 07 
12 70 0D 2C 29 07 
12 70 0E 2C 28 07 
12 70 0E 2C 21 08 
12 70 0F 2C 20 07 
12 6F 0F 2B 21 08 
12 6E 0F 2A 20 07 
12 6E 0F 2A 20 07 
12 6D 0F 29 20 07 
12 6A 10 26 20 07 
12 6A 10 26 29 08 
12 68 10 24 28 07 
12 68 10 24 29 07 
12 67 10 23 28 07 
12 68 10 24 28 07 
12 67 10 23 29 06 
12 65 10 21 29 07 
12 64 10 20 28 07 
12 64 0F 20 28 07 
12 63 0F 1F 29 07 
12 63 0E 1F 28 07 
12 66 0E 22 20 08 
12 66 0D 22 20 07 
12 65 0D 21 20 07 
12 67 0C 23 20 08 
12 66 0C 22 21 06 
12 67 0B 23 21 07 
12 68 0B 24 21 07 
12 68 0A 24 28 07 
12 68 0A 24 20 07 
12 67 0A 23 21 06 
12 68 09 24 21 08 
12 66 09 22 20 08 
12 67 09 23 20 07 
12 66 09 22 29 07 
12 66 08 22 28 08 
12 66 08 22 29 07 
12 64 07 20 29 07 
12 64 07 20 29 07 
12 62 07 1E 29 07 
12 62 07 1E 29 07 
12 61 07 1D 28 07 
12 61 06 1D 28 08 
12 61 06 1D 28 08 
12 61 06 1D 29 07 
12 60 06 1C 28 07 
12 60 06 1C 21 08 
12 5E 06 1A 28 07 
12 60 05 1C 29 08 
12 61 05 1D 28 09 
12 63 05 1F 21 08 
12 64 05 20 21 07 
12 64 05 20 21 08 
12 63 05 1F 20 08 
12 62 05 1E 21 07 
12 64 06 20 21 07 
12 63 06 1F 20 07 
12 64 06 20 21 07 
12 63 06 1F 20 07 
12 61 06 1D 21 08 
12 63 06 1F 29 08 
12 60 07 1C 28 07 
12 62 07 1E 29 07 
12 61 07 1D 28 08 
12 60 07 1C 21 07 
12 64 07 20 28 07 
12 65 08 21 40 07 
12 66 08 22 40 07 
12 68 08 24 40 07 
12 68 08 24 40 07 
12 68 09 24 41 07 
12 68 09 24 40 07 
12 68 09 24 40 07 
12 69 09 25 41 07 
12 69 09 25 41 07 
12 69 09 25 28 07 
12 69 09 25 28 08 
12 69 09 25 28 07 
12 69 09 25 28 08 
12 6A 09 26 29 07 
12 68 09 24 28 07 
12 6A 08 26 28 07 
12 6C 08 28 41 06 
12 6F 08 2B 40 07 
12 70 08 2C 41 07 
12 70 08 2C 41 07 
12 6E 08 2A 40 07 
12 6F 08 2B 41 07 
12 6E 08 2A 29 08 
12 6E 08 2A 29 07 
12 70 08 2C 40 07 
12 71 08 2D 40 08 
12 71 07 2D 40 08 
12 70 07 2C 29 08 
12 70 07 2C 28 07 
12 6F 07 2B 28 07 
12 6F 07 2B 28 08 
12 6E 07 2A 29 07 
12 6E 07 2A 28 08 
12 6C 06 28 21 07 
12 6B 06 27 20 08 
12 6C 06 28 20 07 
12 6A 06 26 21 07 
12 69 06 25 20 08 
12 69 06 25 20 07 
12 69 06 25 20 07 
12 6A 06 26 21 07 
12 69 05 25 20 07 
12 69 05 25 20 07 
12 68 05 24 29 07 
12 66 05 22 28 07 
12 66 05 22 28 08 
12 65 05 21 28 07 
12 65 05 21 20 07 
12 67 04 23 21 07 
12 65 04 21 21 07 
12 66 04 22 21 08 
12 67 04 23 20 07 
12 66 04 22 21 07 
12 65 04 21 20 07 
12 65 04 21 28 07 
12 64 04 20 29 07 
12 65 04 21 20 07 
12 68 04 24 28 08 
12 6A 04 26 40 07 
12 6E 04 2A 41 07 
12 70 04 2C 41 07 
12 71 04 2D 40 08 
12 70 04 2C 41 07 
12 72 05 2E 40 07 
12 72 05 2E 41 07 
12 73 07 2F 41 08 
12 75 07 31 40 08 
12 76 07 32 48 07 
12 7A 08 36 48 07 
12 7C 08 38 48 08 
12 7C 0A 38 40 07 
12 7F 0A 3B 41 07 
12 82 0C 3E 48 08 
12 85 0C 41 49 07 
12 87 0E 43 48 08 
12 88 0E 44 48 08 
12 87 11 43 49 08 
12 89 11 45 61 07 
12 8B 11 47 61 07 
12 8E 15 4A 60 08 
12 8C 15 48 60 07 
12 8F 1A 4B 60 07 
12 8F 1A 4B 61 06 
12 91 1F 4D 61 08 
12 91 1F 4D 60 08 
12 8E 24 4A 60 07 
12 90 24 4C 49 07 
12 94 2B 50 49 08 
12 94 2B 50 48 08 
12 93 37 4F 48 07 
12 93 37 4F 61 07 
12 92 37 4E 61 08 
12 95 43 51 60 07 
12 96 43 52 60 07 
12 93 4F 4F 69 07 
12 96 4F 52 60 08 
12 94 5C 50 69 07 
12 96 5C 52 68 07 
12 96 67 52 61 08 
12 95 67 51 60 08 
12 95 70 51 48 07 
12 92 70 4E 49 07 
12 91 70 4D 49 07 
12 91 78 4D 48 07 
12 93 78 4F 41 07 
12 92 7C 4E 41 08 
12 92 7C 4E 41 07 
12 8F 7F 4B 40 07 
12 90 7F 4C 48 07 
12 90 7E 4C 49 08 
12 8C 7E 48 49 07 
12 8E 7C 4A 48 06 
12 8E 7C 4A 49 08 
12 8C 7C 48 49 07 
12 8C 77 48 49 07 
12 8B 77 47 40 08 
12 8A 72 46 40 08 
12 87 72 43 40 07 
12 88 6B 44 40 07 
12 88 6B 44 41 08 
12 88 63 44 41 07 
12 86 63 42 41 08 
12 85 5A 41 49 07 
12 88 5A 44 48 08 
12 87 5A 43 40 07 
12 87 52 43 41 07 
12 89 52 45 41 07 
12 87 4A 43 40 07 
12 89 4A 45 49 07 
12 8B 43 47 48 07 
12 88 43 44 49 07 
12 89 3C 45 48 07 
12 88 3C 44 40 07 
12 87 37 43 40 07 
12 86 37 42 40 08 
12 87 32 43 49 08 
12 88 32 44 48 07 
12 86 32 42 49 07 
12 87 2D 43 48 06 
12 85 2D 41 48 07 
12 84 2A 40 49 07 
12 86 2A 42 49 07 
12 85 28 41 48 07 
12 82 28 3E 49 06 
12 84 26 40 40 07 
12 83 26 3F 40 07 
12 82 25 3E 40 07 
12 7F 25 3B 40 06 
12 80 25 3C 41 07 
12 87 23 43 40 07 
12 7E 23 3A 40 07 
12 77 22 33 40 07 
12 7E 22 3A 41 08 
12 7C 20 38 40 07 
12 7E 20 3A 40 07 
12 7D 1F 39 40 08 
12 7B 1F 37 40 07 
12 7D 1D 39 40 07 
12 7D 1D 39 40 08 
12 7D 1D 39 40 08 
12 7C 1C 38 40 08 
12 7E 1C 3A 40 08 
12 7E 1B 3A 41 07 
12 7E 1B 3A 41 08 
12 7C 1A 38 40 07 
12 7C 1A 38 40 07 
12 7E 19 3A 40 08 
12 7B 19 37 40 07 
12 7B 18 37 40 06 
12 7A 18 36 41 07 
12 7C 18 38 40 08 
12 7C 18 38 40 07 
12 7B 18 37 41 07 
12 7A 17 36 48 08 
12 7C 17 38 41 08 
12 7B 17 37 40 07 
12 7B 17 37 40 07 
12 7B 17 37 41 08 
12 79 17 35 41 07 
12 79 17 35 41 06 
12 78 17 34 40 08 
12 77 16 33 29 07 
12 79 16 35 28 08 
12 76 16 32 41 07 
12 78 16 34 28 08 
12 78 16 34 28 08 
12 76 15 32 28 07 
12 77 15 33 28 07 
12 75 15 31 29 08 
12 75 15 31 29 07 
12 75 14 31 28 07 
12 75 14 31 21 08 
12 74 13 30 21 07 
12 73 13 2F 20 08 
12 73 13 2F 21 07 
12 72 12 2E 21 08 
12 70 12 2C 20 07 
12 70 11 2C 21 07 
12 70 11 2C 21 08 
12 6F 11 2B 21 08 
12 6D 11 29 29 07 
12 6E 10 2A 28 08 
12 6D 10 29 28 08 
12 6D 0F 29 29 08 
12 6A 0F 26 28 07 
12 6A 0F 26 29 07 
12 6A 0E 26 29 07 
12 68 0E 24 28 08 
12 69 0E 25 29 07 
12 67 0E 23 28 07 
12 66 0D 22 29 07 
12 66 0D 22 29 07 
12 68 0C 24 29 07 
12 66 0C 22 28 08 
12 66 0B 22 21 08 
12 68 0B 24 21 07 
12 69 0B 25 21 08 
12 69 0B 25 20 08 
12 69 0B 25 20 07 
12 69 0A 25 20 07 
12 6A 0A 26 28 08 
12 6A 0A 26 21 08 
12 68 0A 24 21 07 
12 68 09 24 20 07 
12 6A 09 26 21 08 
12 68 09 24 21 07 
12 6A 09 26 21 07 
12 6A 09 26 20 08 
12 6B 09 27 28 08 
12 6A 09 26 29 07 
12 6A 09 26 29 07 
12 6B 09 27 20 07 
12 6B 09 27 21 08 
12 6A 09 26 21 07 
12 69 09 25 21 07 
12 69 09 25 20 07 
12 6B 09 27 20 07 
12 6B 09 27 21 07 
12 6B 09 27 21 07 
12 6A 09 26 20 07 
12 6B 09 27 21 07 
12 69 09 25 20 07 
12 69 09 25 21 07 
12 6B 08 27 20 07 
12 6B 08 27 21 07 
12 6A 08 26 20 07 
12 6B 08 27 20 08 
12 69 08 25 20 07 
12 69 08 25 20 07 
12 69 08 25 21 08 
12 68 08 24 20 06 
12 6A 08 26 20 07 
12 69 08 25 21 07 
12 6A 08 26 20 07 
12 6B 08 27 21 07 
12 6B 08 27 21 07 
12 6B 08 27 21 07 
12 69 08 25 28 07 
12 6B 08 27 21 08 
12 69 08 25 21 07 
12 69 08 25 28 07 
12 6B 08 27 28 08 
12 6B 08 27 29 06 
12 6D 08 29 28 07 
12 6D 08 29 29 07 
12 6C 09 28 41 07 
12 6F 09 2B 40 07 
12 6D 09 29 41 07 
12 6F 09 2B 29 07 
12 70 0A 2C 29 07 
12 70 0A 2C 40 08 
12 72 0B 2E 41 08 
12 71 0B 2D 48 07 
12 74 0C 30 48 07 
12 76 0C 32 49 07 
12 79 0C 35 49 07 
12 79 0D 35 40 07 
12 7A 0D 36 41 06 
12 7B 0E 37 40 07 
12 7C 0E 38 41 08 
12 7E 0F 3A 49 07 
12 7E 0F 3A 49 07 
12 7D 10 39 48 07 
12 7D 10 39 49 07 
12 7E 11 3A 41 07 
12 7C 11 38 41 07 
12 7B 11 37 41 07 
12 7D 12 39 41 07 
12 7E 12 3A 41 08 
12 7C 13 38 48 07 
12 7D 13 39 41 06 
12 7C 13 38 40 07 
12 7A 13 36 41 07 
12 7A 13 36 41 07 
12 7A 13 36 29 07 
12 7B 13 37 28 07 
12 78 13 34 28 07 
12 77 13 33 28 08 
12 78 13 34 21 08 
12 76 13 32 21 07 
12 77 13 33 20 08 
12 76 13 32 21 07 
12 74 12 30 21 07 
12 73 12 2F 21 07 
12 72 11 2E 21 07 
12 74 11 30 20 07 
12 71 11 2D 21 07 
12 71 11 2D 21 07 
12 70 10 2C 21 07 
12 70 10 2C 29 07 
12 71 10 2D 29 08 
12 70 0F 2C 28 07 
12 71 0F 2D 29 07 
12 6F 0E 2B 29 07 
12 70 0E 2C 29 08 
12 70 0E 2C 29 08 
12 6F 0E 2B 29 07 
12 6F 0D 2B 29 07 
12 6F 0D 2B 28 07 
12 6F 0C 2B 28 07 
12 6D 0C 29 28 07 
12 6F 0C 2B 28 08 
12 6F 0C 2B 29 08 
12 6F 0C 2B 28 07 
12 6E 0C 2A 21 08 
12 6D 0C 29 21 08 
12 6D 0B 29 21 07 
12 6C 0B 28 21 07 
12 6C 0B 28 21 07 
12 6D 0B 29 21 08 
12 6D 0B 29 21 07 
12 6B 0B 27 21 07 
12 6D 0B 29 20 07 
12 6D 0B 29 20 07 
12 6B 0B 27 21 07 
12 6B 0A 27 28 07 
12 6C 0A 28 21 08 
12 6C 0A 28 21 07 
12 6A 0A 26 20 06 
12 6C 0A 28 20 08 
12 6C 0A 28 21 07 
12 6C 0A 28 21 07 
12 6B 0A 27 21 07 
12 6C 0A 28 28 07 
12 6D 0A 29 29 07 
12 6C 0A 28 28 07 
12 6E 0A 2A 29 08 
12 6E 0A 2A 29 07 
12 70 0A 2C 40 08 
12 72 0A 2E 41 07 
12 71 0A 2D 41 07 
12 73 0A 2F 41 07 
12 73 0A 2F 41 07 
12 72 0A 2E 41 08 
12 73 0A 2F 40 07 
12 74 0A 30 40 07 
12 72 0A 2E 40 07 
12 72 0A 2E 41 07 
12 72 0A 2E 40 08 
12 74 0A 30 41 07 
12 72 0A 2E 29 07 
12 74 0B 30 29 08 
12 74 0B 30 28 07 
12 72 0B 2E 29 07 
12 73 0B 2F 41 07 
12 74 0B 30 29 07 
12 74 0B 30 29 07 
12 73 0B 2F 29 07 
12 75 0B 31 28 08 
12 75 0B 31 40 06 
12 74 0C 30 41 07 
12 75 0C 31 28 08 
12 74 0C 30 28 07 
12 74 0C 30 28 08 
12 74 0C 30 28 08 
12 74 0C 30 28 08 
12 72 0B 2E 29 07 
12 72 0B 2E 29 07 
12 74 0B 30 29 07 
12 74 0B 30 40 07 
12 76 0B 32 40 07 
12 76 0B 32 41 08 
12 74 0B 30 40 07 
12 75 0B 31 41 07 
12 73 0B 2F 40 07 
12 75 0B 31 28 08 
12 75 0B 31 29 07 
12 74 0A 30 28 07 
12 72 0A 2E 28 07 
12 73 0A 2F 29 07 
12 73 0A 2F 28 07 
12 71 0A 2D 29 07 
12 72 0A 2E 21 08 
12 70 0A 2C 29 07 
12 70 09 2C 29 07 
12 72 09 2E 28 07 
12 72 09 2E 29 07 
12 72 09 2E 28 07 
12 71 09 2D 41 06 
12 71 09 2D 41 07 
12 73 09 2F 41 08 
12 72 09 2E 40 07 
12 74 09 30 41 07 
12 73 09 2F 41 07 
12 72 09 2E 41 08 
12 71 09 2D 29 06 
12 74 09 30 28 08 
12 74 09 30 28 07 
12 73 09 2F 41 07 
12 75 09 31 40 07 
12 75 09 31 40 07 
12 72 09 2E 41 07 
12 74 09 30 28 07 
12 74 09 30 28 07 
12 72 09 2E 29 07 
12 72 09 2E 28 07 
12 72 09 2E 28 07 
12 73 09 2F 28 07 
12 72 09 2E 29 08 
12 70 09 2C 29 06 
12 72 09 2E 29 07 
12 72 09 2E 28 07 
12 72 0A 2E 28 07 
12 72 0A 2E 41 07 
12 71 09 2D 40 07 

