12 4A 00 07 03 09 
12 4B 00 08 03 09 
12 4A 00 07 03 0A 
12 4A 00 07 03 0A 
12 4A 00 07 03 09 
12 4A 00 07 03 09 
12 4B 00 08 03 0A 
12 4A 00 07 03 09 
12 4A 00 07 03 09 
12 4A 00 07 03 0A 
12 4A 00 07 08 0A 
12 4C 00 09 03 09 
12 4B 00 08 08 0A 
12 4B 00 08 08 0A 
12 4C 00 09 03 0A 
12 4B 00 08 03 0A 
12 4B 00 08 03 0A 
12 4C 00 09 03 09 
12 4B 00 08 08 09 
12 4B 00 08 08 09 
12 4C 00 09 08 09 
12 4D 01 0A 08 09 
12 4B 01 08 08 09 
12 4C 01 09 08 09 
12 4B 01 08 08 09 
12 4B 01 08 08 09 
12 4C 01 09 08 09 
12 4D 02 0A 08 0A 
12 4D 02 0A 08 09 
12 4C 02 09 08 09 
12 4D 02 0A 09 09 
12 4D 02 0A 08 09 
12 4D 02 0A 08 09 
12 4C 02 09 08 09 
12 4E 02 0B 08 08 
12 4C 02 09 08 09 
12 4E 03 0B 08 09 
12 4E 03 0B 08 09 
12 4D 03 0A 09 09 
12 4D 03 0A 09 09 
12 4D 03 0A 09 09 
12 4D 03 0A 09 0A 
12 4D 04 0A 08 09 
12 4E 04 0B 08 09 
12 4D 04 0A 08 09 
12 4D 04 0A 08 09 
12 4D 04 0A 08 09 
12 4E 04 0B 08 09 
12 4E 04 0B 08 09 
12 4E 05 0B 08 09 
12 4D 05 0A 08 09 
12 4E 05 0B 08 09 
12 4C 05 09 08 09 
12 4D 05 0A 08 09 
12 4D 05 0A 08 0A 
12 4C 05 09 08 09 
12 4E 05 0B 08 09 
12 4D 05 0A 08 0A 
12 4D 05 0A 03 09 
12 4C 05 09 08 09 
12 4E 04 0B 08 09 
12 4C 04 09 03 0A 
12 4E 04 0B 03 09 
12 4E 04 0B 03 09 
12 4C 04 09 08 09 
12 4E 04 0B 03 09 
12 4D 03 0A 08 09 
12 4C 03 09 08 0A 
12 4D 03 0A 08 09 
12 4C 03 09 08 0A 
12 4C 03 09 08 09 
12 4C 03 09 03 09 
12 4C 03 09 03 09 
12 4C 03 09 03 09 
12 4C 03 09 08 0A 
12 4B 03 08 08 0A 
12 4C 03 09 03 09 
12 4B 02 08 03 09 
12 4B 02 08 03 0A 
12 4B 02 08 03 0A 
12 4B 02 08 08 09 
12 4B 02 08 03 0A 
12 4C 02 09 03 09 
12 4B 02 08 03 0A 
12 4B 01 08 03 09 
12 4C 01 09 03 09 
12 4B 01 08 03 09 
12 4C 01 09 03 09 
12 4B 01 08 03 0A 
12 4C 01 09 03 09 
12 4B 01 08 03 09 
12 4B 01 08 03 09 
12 4C 01 09 03 09 
12 4B 00 08 02 09 
12 4C 00 09 03 09 
12 4A 00 07 03 09 
12 4B 00 08 03 09 
12 4A 00 07 03 09 
12 4B 00 08 03 09 
12 4A 00 07 03 09 
12 4B 00 08 08 0A 
12 4B 00 08 08 09 
12 4C 00 09 08 09 
12 4B 00 08 08 0A 
12 4C 00 09 08 09 
12 4B 00 08 08 09 
12 4C 00 09 08 09 
12 4D 00 0A 08 09 
12 4C 00 09 08 09 
12 4C 00 09 08 09 
12 4D 00 0A 08 09 
12 4C 00 09 08 09 
12 4E 01 0B 08 09 
12 4E 01 0B 08 09 
12 4D 01 0A 08 09 
12 4E 01 0B 08 09 
12 4C 01 09 08 09 
12 4E 02 0B 08 09 
12 4C 02 09 08 0A 
12 4E 02 0B 08 09 
12 4D 02 0A 08 09 
12 4D 02 0A 08 09 
12 4D 02 0A 09 0A 
12 4E 03 0B 08 09 
12 4D 03 0A 08 09 
12 4D 03 0A 08 09 
12 4D 03 0A 08 09 
12 4D 03 0A 08 0A 
12 4E 03 0B 08 09 
12 4D 03 0A 08 09 
12 4E 04 0B 08 09 
12 4C 04 09 08 09 
12 4D 04 0A 08 0A 
12 4E 04 0B 08 09 
12 4C 04 09 08 09 
12 4E 04 0B 08 09 
12 4D 04 0A 03 09 
12 4D 04 0A 08 0A 
12 4D 04 0A 08 09 
12 4E 03 0B 08 09 
12 4D 03 0A 08 09 
12 4D 03 0A 08 09 
12 4D 03 0A 03 09 
12 4C 03 09 08 0A 
12 4C 03 09 03 09 
12 4C 03 09 03 09 
12 4C 03 09 03 09 
12 4D 03 0A 08 09 
12 4C 03 09 03 09 
12 4C 03 09 03 09 
12 4C 03 09 03 09 
12 4C 03 09 03 09 
12 4D 03 0A 03 09 
12 4C 03 09 03 09 
12 4B 02 08 03 09 
12 4C 02 09 03 09 
12 4B 02 08 03 09 
12 4B 02 08 03 09 
12 4C 02 09 03 0A 
12 4D 02 0A 03 09 
12 4C 02 09 03 09 
12 4C 02 09 03 09 
12 4B 02 08 03 09 
12 4C 02 09 03 09 
12 4D 02 0A 03 09 
12 4D 01 0A 03 0A 
12 4C 01 09 03 0A 
12 4C 01 09 03 09 
12 4C 01 09 03 0A 
12 4B 01 08 03 09 
12 4B 01 08 03 09 
12 46 00 03 01 09 
12 47 00 04 01 09 
12 46 00 03 01 0A 
12 46 00 03 01 09 
12 46 00 03 01 09 
12 45 00 02 01 09 
12 45 00 02 01 09 
12 45 00 02 01 0A 
12 45 00 02 01 0A 
12 45 00 02 01 09 
12 46 00 03 01 09 
12 46 00 03 02 09 
12 47 00 04 02 09 
12 46 00 03 02 09 
12 46 00 03 02 0A 
12 47 00 04 02 0A 
12 47 00 04 02 09 
12 47 00 04 02 09 
12 47 00 04 03 09 
12 47 00 04 02 09 
12 48 00 05 02 09 
12 49 00 06 03 0A 
12 48 00 05 02 0A 
12 48 00 05 02 09 
12 48 00 05 02 09 
12 48 00 05 02 09 
12 48 00 05 03 09 
12 48 00 05 09 09 
12 4A 00 07 08 0A 
12 4C 00 09 0B 09 
12 50 00 0D 22 09 
12 52 00 0F 20 09 
12 54 00 11 23 09 
12 56 00 13 23 09 
12 58 00 15 22 09 
12 5A 00 17 22 09 
12 5B 00 18 22 09 
12 5B 00 18 21 09 
12 5B 00 18 22 0A 
12 5C 00 19 22 09 
12 5E 02 1B 20 0A 
12 5C 02 19 21 0A 
12 5E 03 1B 20 09 
12 5C 03 19 0B 09 
12 5D 06 1A 0A 09 
12 5D 06 1A 0B 0A 
12 5E 0A 1B 0B 09 
12 5C 0A 19 20 0A 
12 5E 0E 1B 0B 09 
12 5E 0E 1B 0B 09 
12 5E 0E 1B 0A 09 
12 5D 11 1A 09 09 
12 5C 11 19 09 09 
12 5D 14 1A 08 09 
12 5D 14 1A 08 0A 
12 5A 15 17 0B 09 
12 5B 15 18 0B 09 
12 5C 16 19 09 09 
12 5A 16 17 0A 09 
12 5C 15 19 0A 09 
12 5C 15 19 21 08 
12 5D 15 1A 21 09 
12 5E 15 1B 28 0A 
12 61 15 1E 2B 09 
12 63 15 20 28 09 
12 65 15 22 29 09 
12 68 16 25 2A 0A 
12 6A 16 27 29 09 
12 6B 19 28 29 0A 
12 6B 19 28 29 0A 
12 6D 1D 2A 28 09 
12 6E 1D 2B 2A 09 
12 6D 21 2A 2A 09 
12 6C 21 29 28 09 
12 6D 21 2A 23 09 
12 6B 27 28 22 09 
12 6D 27 2A 22 0A 
12 6B 2D 28 20 09 
12 6B 2D 28 20 09 
12 6C 36 29 20 09 
12 6B 36 28 23 09 
12 6A 3F 27 20 09 
12 6A 3F 27 21 0A 
12 68 46 25 21 09 
12 6A 46 27 20 09 
12 69 46 26 21 0A 
12 6A 4C 27 21 09 
12 6A 4C 27 20 09 
12 68 4F 25 20 0A 
12 69 4F 26 23 09 
12 67 50 24 23 09 
12 67 50 24 23 09 
12 68 4F 25 21 09 
12 67 4F 24 21 09 
12 69 4D 26 20 09 
12 66 4D 23 23 09 
12 69 4D 26 23 09 
12 66 49 23 23 0A 
12 66 49 23 23 09 
12 68 46 25 21 09 
12 66 46 23 21 09 
12 67 43 24 21 0A 
12 68 43 25 21 0A 
12 68 41 25 21 09 
12 66 41 23 21 09 
12 68 40 25 21 09 
12 66 40 23 21 0A 
12 67 3F 24 20 09 
12 67 3F 24 20 09 
12 67 3F 24 23 09 
12 67 3E 24 23 09 
12 66 3E 23 21 09 
12 67 3D 24 21 09 
12 65 3D 22 21 09 
12 66 3D 23 22 09 
12 66 3D 23 21 09 
12 64 3C 21 21 0A 
12 66 3C 23 21 09 
12 65 3A 22 21 09 
12 64 3A 21 23 09 
12 64 3A 21 20 0A 
12 66 39 23 23 09 
12 64 39 21 21 0A 
12 65 38 22 20 09 
12 65 38 22 23 09 
12 64 37 21 22 09 
12 65 37 22 21 09 
12 65 36 22 20 09 
12 63 36 20 20 09 
12 63 35 20 20 09 
12 65 35 22 20 09 
12 62 35 1F 21 0A 
12 62 33 1F 20 09 
12 62 33 1F 20 0A 
12 62 31 1F 22 09 
12 63 31 20 23 0A 
12 64 2F 21 22 09 
12 64 2F 21 22 09 
12 62 2E 1F 22 0A 
12 64 2E 21 20 09 
12 64 2D 21 0B 09 
12 62 2D 1F 0B 09 
12 62 2C 1F 09 09 
12 62 2C 1F 09 09 
12 61 2C 1E 0A 09 
12 60 2A 1D 0B 09 
12 62 2A 1F 21 09 
12 60 29 1D 21 0A 
12 61 29 1E 22 0A 
12 62 28 1F 20 0A 
12 64 28 21 22 09 
12 64 27 21 23 09 
12 67 27 24 28 09 
12 69 27 26 29 09 
12 68 27 25 29 09 
12 6A 27 27 23 09 
12 6B 29 28 22 09 
12 69 29 26 23 0A 
12 6B 2B 28 22 09 
12 6A 2B 27 21 09 
12 69 2F 26 20 09 
12 69 2F 26 23 09 
12 6B 32 28 21 09 
12 6B 32 28 22 0A 
12 69 36 26 23 0A 
12 6B 36 28 22 0A 
12 6A 36 27 21 09 
12 6C 3A 29 22 09 
12 6B 3A 28 22 09 
12 6B 3F 28 22 09 
12 6A 3F 27 22 0A 
12 6A 44 27 20 09 
12 6A 44 27 23 09 
12 69 48 26 23 09 
12 6B 48 28 22 09 
12 6A 4B 27 21 09 
12 68 4B 25 21 09 
12 68 4B 25 20 09 
12 66 4B 23 0B 09 
12 68 4B 25 0B 09 
12 67 4A 24 0A 09 
12 66 4A 23 0A 09 
12 64 48 21 09 09 
12 63 48 20 09 09 
12 62 45 1F 09 09 
12 62 45 1F 09 09 
12 62 41 1F 09 0A 
12 61 41 1E 09 0A 
12 61 3D 1E 09 09 
12 61 3D 1E 09 09 
12 60 3D 1D 09 09 
12 61 38 1E 0A 09 
12 61 38 1E 0A 09 
12 60 32 1D 0A 09 
12 5F 32 1C 0B 0A 
12 5F 2D 1C 0B 09 
12 5F 2D 1C 0B 09 
12 5E 28 1B 0B 09 
12 60 28 1D 20 09 
12 5F 25 1C 0B 09 
12 60 25 1D 0B 09 
12 5E 25 1B 0A 09 
12 5F 23 1C 0A 09 
12 5E 23 1B 0B 09 
12 5E 21 1B 0B 09 
12 5D 21 1A 0A 09 
12 5F 20 1C 0B 09 
12 5E 20 1B 0B 09 
12 5E 1F 1B 20 09 
12 5E 1F 1B 20 09 
12 60 1E 1D 20 09 
12 5E 1E 1B 0B 09 
12 5E 1E 1B 0B 09 
12 5E 1E 1B 0A 09 
12 5E 1E 1B 0B 0A 
12 5F 1E 1C 0A 09 
12 60 1E 1D 0B 09 
12 5E 1E 1B 09 09 
12 5E 1E 1B 09 09 
12 5E 1E 1B 08 09 
12 5F 1E 1C 08 09 
12 5D 1D 1A 08 09 
12 5E 1D 1B 09 09 
12 5E 1D 1B 0A 09 
12 5D 1D 1A 0A 0A 
12 5D 1D 1A 0B 09 
12 5D 1D 1A 0B 09 
12 5F 1D 1C 0A 09 
12 5D 1D 1A 0B 0A 
12 5D 1D 1A 20 0A 
12 5F 1D 1C 20 09 
12 5E 1D 1B 20 09 
12 5E 1D 1B 21 09 
12 5E 1D 1B 22 09 
12 60 1D 1D 22 09 
12 5F 1D 1C 22 09 
12 60 1E 1D 23 09 
12 62 1E 1F 23 09 
12 63 1E 20 20 09 
12 63 1F 20 20 09 
12 64 1F 21 23 09 
12 63 20 20 22 09 
12 63 20 20 23 09 
12 63 22 20 21 0A 
12 63 22 20 20 09 
12 64 24 21 21 09 
12 64 24 21 23 09 
12 67 26 24 23 09 
12 68 26 25 23 09 
12 66 26 23 23 09 
12 68 29 25 28 09 
12 69 29 26 23 09 
12 68 2E 25 23 09 
12 68 2E 25 21 08 
12 68 33 25 23 09 
12 68 33 25 23 09 
12 67 39 24 22 09 
12 67 39 24 22 09 
12 67 3D 24 22 09 
12 67 3D 24 22 09 
12 68 3D 25 23 09 
12 67 41 24 22 09 
12 67 41 24 22 09 
12 66 43 23 22 09 
12 67 43 24 23 0A 
12 65 45 22 22 09 
12 67 45 24 22 0A 
12 67 46 24 22 0A 
12 66 46 23 22 0A 
12 66 47 23 22 09 
12 64 47 21 21 09 
12 65 46 22 21 0A 
12 64 46 21 21 09 
12 65 46 22 20 09 
12 63 44 20 0B 09 
12 63 44 20 0B 09 
12 62 42 1F 0A 09 
12 63 42 20 0A 0A 
12 61 3E 1E 0A 09 
12 61 3E 1E 0B 09 
12 61 3B 1E 0B 0A 
12 62 3B 1F 0B 09 
12 62 37 1F 20 09 
12 62 37 1F 20 09 
12 60 37 1D 20 09 
12 60 34 1D 20 09 
12 63 34 20 21 09 
12 61 32 1E 21 0A 
12 62 32 1F 20 09 
12 60 2F 1D 20 09 
12 61 2F 1E 20 09 
12 62 2D 1F 21 09 
12 63 2D 20 21 09 
12 63 2B 20 21 0A 
12 63 2B 20 21 09 
12 61 2B 1E 21 09 
12 62 2A 1F 21 09 
12 63 2A 20 21 09 
12 61 2A 1E 20 09 
12 62 2A 1F 20 09 
12 61 2A 1E 21 0A 
12 61 2A 1E 20 09 
12 61 2A 1E 21 0A 
12 63 2A 20 21 09 
12 63 2A 20 21 09 
12 61 2A 1E 20 09 
12 62 2B 1F 20 09 
12 63 2B 20 21 09 
12 61 2B 1E 22 0A 
12 63 2C 20 22 09 
12 62 2C 1F 21 09 
12 62 2C 1F 22 09 
12 62 2C 1F 21 09 
12 62 2D 1F 22 0A 
12 63 2D 20 21 09 
12 63 2E 20 20 0A 
12 63 2E 20 0A 0A 
12 61 2F 1E 0A 09 
12 63 2F 20 0B 09 
12 61 2F 1E 20 09 
12 62 2F 1F 20 09 
12 62 2F 1F 22 09 
12 62 2E 1F 22 08 
12 63 2E 20 21 09 
12 63 2F 20 21 09 
12 61 2F 1E 20 09 
12 63 2F 20 0B 09 
12 61 2F 1E 0B 09 
12 62 2F 1F 0B 09 
12 63 2F 20 20 09 
12 63 2F 20 20 0A 
12 61 2E 1E 20 09 
12 61 2E 1E 20 0A 
12 61 2E 1E 20 0A 
12 62 2E 1F 21 0A 
12 61 2D 1E 20 09 
12 61 2D 1E 21 09 
12 63 2C 20 21 09 
12 61 2C 1E 21 09 
12 61 2B 1E 21 09 
12 63 2B 20 20 0A 
12 62 2B 1F 0B 09 
12 62 2B 1F 20 09 
12 62 2B 1F 20 0A 
12 61 2B 1E 20 09 
12 62 2B 1F 0B 09 
12 62 2A 1F 20 09 
12 60 2A 1D 20 09 
12 61 29 1E 21 09 
12 63 29 20 22 09 
12 61 29 1E 23 09 
12 63 29 20 22 0A 
12 65 29 22 28 0A 
12 65 29 22 28 09 
12 66 29 23 28 09 
12 67 2A 24 29 0A 
12 68 2A 25 29 09 
12 6B 2C 28 28 09 
12 6A 2C 27 23 09 
12 6A 30 27 23 09 
12 6A 30 27 23 0A 
12 6B 34 28 29 09 
12 6B 34 28 29 09 
12 6D 39 2A 28 09 
12 6C 39 29 29 0A 
12 6D 39 2A 2B 0A 
12 6D 3E 2A 2A 09 
12 6E 3E 2B 2B 09 
12 70 43 2D 29 09 
12 6F 43 2C 28 09 
12 70 4A 2D 28 09 
12 70 4A 2D 28 09 
12 73 52 30 2B 09 
12 71 52 2E 2A 09 
12 73 59 30 28 09 
12 71 59 2E 28 0A 
12 71 60 2E 23 09 
12 70 60 2D 20 09 
12 70 60 2D 20 09 
12 71 65 2E 23 0A 
12 6E 65 2B 28 09 
12 70 68 2D 2A 0A 
12 71 68 2E 29 09 
12 6F 6A 2C 29 09 
12 70 6A 2D 2A 0A 
12 6F 6D 2C 29 0A 
12 71 6D 2E 23 08 
12 71 6F 2E 23 09 
12 70 6F 2D 22 09 
12 6F 6F 2C 23 09 
12 6F 70 2C 29 09 
12 6F 70 2C 29 09 
12 6F 71 2C 29 09 
12 6F 71 2C 28 0A 
12 6F 71 2C 23 0A 
12 6F 71 2C 21 09 
12 6F 70 2C 21 0A 
12 70 70 2D 23 09 
12 6D 6E 2A 21 09 
12 6C 6E 29 21 09 
12 6C 6C 29 23 09 
12 6E 6C 2B 22 09 
12 6E 6C 2B 2A 09 
12 6D 6A 2A 2B 09 
12 6E 6A 2B 2A 09 
12 70 69 2D 2A 09 
12 70 69 2D 29 09 
12 6F 68 2C 28 09 
12 70 68 2D 2A 0A 
12 6F 67 2C 29 09 
12 6F 67 2C 29 0A 
12 70 67 2D 2B 09 
12 70 67 2D 29 0A 
12 71 67 2E 28 0A 
12 73 68 30 2B 09 
12 73 68 30 2B 09 
12 74 6A 31 29 09 
12 73 6A 30 2A 09 
12 73 6D 30 29 0A 
12 72 6D 2F 2B 09 
12 75 71 32 2B 09 
12 74 71 31 2A 0A 
12 74 77 31 29 0A 
12 73 77 30 28 09 
12 74 77 31 23 0A 
12 74 7E 31 22 09 
12 72 7E 2F 22 09 
12 70 84 2D 20 09 
12 6F 84 2C 23 09 
12 6F 88 2C 22 09 
12 70 88 2D 22 09 
12 6E 8B 2B 21 09 
12 6D 8B 2A 23 09 
12 6D 8C 2A 20 09 
12 6D 8C 2A 23 09 
12 6D 8B 2A 23 09 
12 6B 8B 28 22 09 
12 6D 8B 2A 22 09 
12 6A 89 27 22 09 
12 6B 89 28 20 09 
12 6C 85 29 22 0A 
12 6B 85 28 22 09 
12 6B 81 28 21 09 
12 6B 81 28 22 09 
12 6C 7B 29 22 09 
12 6E 7B 2B 23 09 
12 6D 77 2A 23 09 
12 6C 77 29 23 09 
12 6C 77 29 22 0A 
12 6E 73 2B 22 0A 
12 6D 73 2A 21 09 
12 6E 70 2B 21 09 
12 6D 70 2A 20 09 
12 6D 6E 2A 23 09 
12 6B 6E 28 22 09 
12 6B 6D 28 22 09 
12 6B 6D 28 23 09 
12 6A 6C 27 22 0A 
12 6B 6C 28 21 09 
12 68 6C 25 21 09 
12 6A 6B 27 21 09 
12 69 6B 26 23 09 
12 68 6A 25 20 09 
12 69 6A 26 21 09 
12 6A 69 27 21 09 
12 6B 69 28 28 0A 
12 6B 68 28 28 09 
12 6D 68 2A 29 09 
12 6C 68 29 28 09 
12 6D 68 2A 29 0A 
12 6F 68 2C 28 09 
12 6E 68 2B 29 09 
12 6F 68 2C 2B 09 
12 6F 69 2C 2B 0A 
12 70 69 2D 28 09 
12 70 6B 2D 29 0A 
12 71 6B 2E 22 09 
12 6F 6E 2C 22 0A 
12 6E 6E 2B 21 0A 
12 6E 71 2B 23 0A 
12 6F 71 2C 28 09 
12 70 75 2D 29 09 
12 71 75 2E 2B 09 
12 71 75 2E 2B 0A 
12 71 7B 2E 2B 09 
12 73 7B 30 2B 0A 
12 72 81 2F 2B 09 
12 73 81 30 28 09 
12 74 87 31 28 09 
12 72 87 2F 2A 09 
12 74 8D 31 2A 09 
12 74 8D 31 29 09 
12 72 92 2F 28 0A 
12 73 92 30 22 09 
12 70 92 2D 23 09 
12 70 95 2D 23 09 
12 6F 95 2C 22 09 
12 70 95 2D 23 09 
12 6F 95 2C 23 0A 
12 6E 95 2B 23 09 
12 6D 95 2A 22 09 
12 6E 94 2B 23 0A 
12 6E 94 2B 23 0A 
12 6D 92 2A 28 09 
12 6D 92 2A 23 09 
12 6E 8F 2B 23 0A 
12 6D 8F 2A 23 09 
12 6F 8F 2C 21 09 
12 6C 8D 29 21 09 
12 6C 8D 29 22 0A 
12 6C 89 29 23 0A 
12 6E 89 2B 22 09 
12 6D 85 2A 22 09 
12 6F 85 2C 21 09 
12 6C 82 29 22 0A 
12 6E 82 2B 21 09 
12 6E 7E 2B 21 08 
12 6D 7E 2A 20 09 
12 6E 7E 2B 23 09 
12 6D 7B 2A 23 09 
12 6B 7B 28 22 09 
12 6A 79 27 22 09 
12 6A 79 27 21 09 
12 6B 78 28 23 09 
12 6C 78 29 22 09 
12 6A 77 27 21 09 
12 6C 77 29 21 09 
12 6A 76 27 21 09 
12 6C 76 29 20 09 
12 6A 74 27 20 09 
12 6A 74 27 20 09 
12 6A 74 27 21 0A 
12 6A 73 27 20 09 
12 6A 73 27 20 09 
12 6B 72 28 23 09 
12 6A 72 27 22 0A 
12 6B 70 28 21 09 
12 68 70 25 21 0A 
12 69 6E 26 20 09 
12 68 6E 25 21 09 
12 69 6B 26 20 0A 
12 67 6B 24 0B 0A 
12 67 6B 24 21 0A 
12 67 69 24 23 0A 
12 68 69 25 21 09 
12 67 67 24 21 09 
12 69 67 26 20 09 
12 67 65 24 20 0A 
12 68 65 25 23 09 
12 67 63 24 20 0A 
12 68 63 25 20 09 
12 6A 62 27 21 09 
12 68 62 25 20 09 
12 69 62 26 23 09 
12 69 61 26 22 0A 
12 68 61 25 21 0A 
12 66 5F 23 0B 09 
12 66 5F 23 0B 09 
12 66 5E 23 0B 09 
12 67 5E 24 20 09 
12 67 5C 24 21 09 
12 67 5C 24 22 09 
12 67 5B 24 22 09 
12 65 5B 22 23 09 
12 67 5A 24 21 09 
12 65 5A 22 21 09 
12 67 5A 24 20 09 
12 66 59 23 0B 0A 
12 64 59 21 0B 09 
12 63 58 20 09 09 
12 63 58 20 09 09 
12 63 55 20 0A 09 
12 64 55 21 0A 09 
12 63 52 20 0A 09 
12 63 52 20 0A 09 
12 61 4E 1E 0A 0A 
12 60 4E 1D 09 0A 
12 60 4E 1D 09 09 
12 61 4A 1E 0A 09 
12 5F 4A 1C 0A 0A 
12 5F 47 1C 09 09 
12 60 47 1D 09 09 
12 5F 43 1C 08 09 
12 5F 43 1C 0B 0A 
12 5F 40 1C 0B 09 
12 5E 40 1B 0B 0A 
12 5E 3C 1B 0B 09 
12 5C 3C 19 0B 0A 
12 5C 3C 19 0B 09 
12 5C 38 19 0B 09 
12 5C 38 19 08 09 
12 5C 34 19 09 09 
12 5B 34 18 08 09 
12 5D 30 1A 09 09 
12 5B 30 18 08 09 
12 5B 2C 18 0B 09 
12 5B 2C 18 0B 09 
12 5C 2A 19 0B 09 
12 5C 2A 19 0B 09 
12 5C 28 19 0B 0A 
12 5A 28 17 0B 09 
12 5B 28 18 0B 09 
12 5B 26 18 0B 09 
12 59 26 16 08 0A 
12 5B 25 18 09 09 
12 5A 25 17 0B 0A 
12 5B 24 18 0B 09 
12 5B 24 18 0A 0A 
12 5C 23 19 0A 0A 
12 5C 23 19 09 09 
12 5B 22 18 09 09 
12 5C 22 19 08 09 
12 5C 22 19 09 09 
12 5B 22 18 09 09 
12 5D 22 1A 0A 09 
12 5B 22 18 0A 09 
12 5C 22 19 0A 09 
12 5D 22 1A 09 09 
12 5C 22 19 09 09 
12 5C 22 19 0A 0A 
12 5C 22 19 0A 09 
12 5C 22 19 0A 09 
12 5D 22 1A 0B 0A 
12 5E 22 1B 0A 09 
12 5D 23 1A 0B 09 
12 5E 23 1B 20 0A 
12 5F 23 1C 20 0A 
12 5E 23 1B 20 09 
12 60 24 1D 22 09 
12 60 24 1D 23 09 
12 62 25 1F 23 09 
12 60 25 1D 22 09 
12 61 27 1E 22 0A 
12 61 27 1E 21 09 
12 62 28 1F 20 09 
12 63 28 20 0A 09 
12 61 28 1E 0A 09 
12 60 2A 1D 09 09 
12 61 2A 1E 08 09 
12 60 2C 1D 08 09 
12 60 2C 1D 08 09 
12 60 2D 1D 0B 09 
12 5D 2D 1A 0B 09 
12 5D 2E 1A 0B 09 
12 5F 2E 1C 0A 09 
12 5E 2E 1B 0B 0A 
12 5E 2E 1B 0B 09 
12 5E 2E 1B 20 0A 
12 5E 2E 1B 0B 09 
12 60 2E 1D 0B 09 
12 60 2E 1D 0A 0A 
12 5E 2E 1B 09 09 
12 5F 2D 1C 09 09 
12 5F 2D 1C 08 09 
12 5E 2B 1B 08 09 
12 5D 2B 1A 09 09 
12 5D 29 1A 0B 09 
12 5F 29 1C 20 0A 
12 5E 28 1B 0B 09 
12 5E 28 1B 20 09 
12 5E 28 1B 20 09 
12 5F 27 1C 20 09 
12 60 27 1D 20 09 
12 60 26 1D 20 09 
12 60 26 1D 20 09 
12 5F 26 1C 20 09 
12 60 26 1D 20 0A 
12 5F 27 1C 0A 09 
12 60 27 1D 0A 09 
12 5F 28 1C 0B 0A 
12 60 28 1D 0A 09 
12 5F 28 1C 0A 09 
12 5F 28 1C 20 09 
12 5F 28 1C 20 09 
12 5F 28 1C 20 09 
12 5F 28 1C 20 0A 
12 60 29 1D 20 0A 
12 60 29 1D 0A 09 
12 5F 2A 1C 09 09 
12 60 2A 1D 09 0A 
12 5F 2B 1C 09 09 
12 5F 2B 1C 08 09 
12 5E 2B 1B 09 0A 
12 5E 2B 1B 0A 0A 
12 5E 2B 1B 0A 09 
12 5F 2B 1C 0A 09 
12 5F 2B 1C 09 09 
12 5D 2A 1A 08 09 
12 5D 2A 1A 08 09 
12 5D 29 1A 09 09 
12 5C 29 19 09 09 
12 5D 29 1A 09 0A 
12 5C 29 19 09 09 
12 5C 28 19 20 09 
12 5D 28 1A 22 0A 
12 5F 28 1C 23 09 
12 60 28 1D 23 09 
12 5F 28 1C 22 09 
12 5F 28 1C 22 09 
12 62 28 1F 22 09 
12 61 28 1E 22 09 
12 63 28 20 21 09 
12 61 29 1E 21 09 
12 63 29 20 21 09 
12 61 2B 1E 21 0A 
12 63 2B 20 20 09 
12 63 2B 20 0B 09 
12 63 2E 20 0B 09 
12 61 2E 1E 20 09 
12 61 30 1E 20 09 
12 61 30 1E 21 09 
12 61 32 1E 20 09 
12 62 32 1F 20 0A 
12 62 34 1F 0B 09 
12 60 34 1D 0A 09 
12 60 36 1D 0A 09 
12 60 36 1D 0A 09 
12 61 36 1E 0B 09 
12 61 38 1E 0A 0A 
12 5F 38 1C 0A 0A 
12 61 38 1E 20 0A 
12 60 38 1D 20 0A 
12 60 37 1D 21 09 
12 61 37 1E 21 09 
12 60 37 1D 21 0A 
12 63 37 20 21 09 
12 61 36 1E 20 09 
12 61 36 1E 20 0A 
12 61 35 1E 0B 0A 
12 61 35 1E 0B 09 
12 61 35 1E 20 0A 
12 63 34 20 21 09 
12 63 34 20 23 09 
12 63 34 20 20 09 
12 63 34 20 21 09 
12 65 35 22 23 0A 
12 63 35 20 23 09 
12 65 36 22 23 09 
12 63 36 20 22 09 
12 64 37 21 23 09 
12 64 37 21 23 09 
12 64 37 21 23 09 
12 65 3A 22 20 0A 
12 65 3A 22 23 0A 
12 65 3C 22 21 09 
12 66 3C 23 23 0A 
12 65 3F 22 23 09 
12 66 3F 23 20 09 
12 66 41 23 20 0A 
12 65 41 22 23 09 
12 66 43 23 22 09 
12 66 43 23 21 09 
12 66 43 23 21 09 
12 65 46 22 20 09 
12 65 46 22 0B 09 
12 65 47 22 0B 09 
12 64 47 21 0B 09 
12 64 48 21 0B 09 
12 63 48 20 20 09 
12 63 48 20 20 09 
12 65 48 22 20 09 
12 64 47 21 21 0A 
12 65 47 22 21 09 
12 64 47 21 22 09 
12 63 47 20 23 09 
12 64 47 21 21 0A 
12 66 46 23 20 09 
12 65 46 22 23 09 
12 66 45 23 22 09 
12 66 45 23 21 09 
12 66 44 23 20 09 
12 64 44 21 21 0A 
12 64 43 21 21 09 
12 64 43 21 21 09 
12 65 42 22 22 0A 
12 66 42 23 21 09 
12 64 42 21 20 09 
12 65 41 22 20 09 
12 64 41 21 21 09 
12 66 40 23 22 09 
12 66 40 23 22 09 
12 65 3F 22 22 09 
12 66 3F 23 20 09 
12 66 3F 23 21 09 
12 66 3F 23 21 0A 
12 67 3F 24 21 09 
12 67 3F 24 21 09 
12 68 3F 25 21 09 
12 69 3F 26 20 09 
12 67 3F 24 23 09 
12 68 40 25 23 09 
12 69 40 26 22 0A 
12 67 40 24 21 09 
12 66 40 23 0B 09 
12 66 41 23 0B 09 
12 65 41 22 0A 09 
12 65 41 22 0B 09 
12 65 41 22 0B 09 
12 64 41 21 20 09 
12 65 41 22 22 09 

