12 5F 3A 17 20 08 
12 5F 3A 17 20 08 
12 5F 3A 17 21 08 
12 5E 3A 16 21 08 
12 5F 3A 17 21 08 
12 5F 39 17 21 08 
12 5F 39 17 21 08 
12 5F 39 17 21 08 
12 5F 39 17 21 08 
12 5E 39 16 20 08 
12 5F 39 17 21 09 
12 5F 39 17 21 08 
12 5E 38 16 20 08 
12 5E 38 16 20 08 
12 5F 38 17 21 08 
12 5F 38 17 21 08 
12 5E 38 16 21 08 
12 5F 38 17 21 08 
12 5E 38 16 21 08 
12 5E 38 16 21 08 
12 5E 38 16 21 08 
12 5F 38 17 21 08 
12 5E 38 16 21 08 
12 5E 38 16 21 08 
12 5E 38 16 21 08 
12 5E 38 16 21 08 
12 5E 38 16 21 08 
12 5E 38 16 20 08 
12 5E 38 16 20 08 
12 5E 39 16 20 08 
12 5E 39 16 20 08 
12 5E 39 16 20 08 
12 5F 3A 17 21 08 
12 5E 3A 16 21 08 
12 5F 3A 17 20 08 
12 5E 3A 16 20 08 
12 5F 3B 17 21 08 
12 5E 3B 16 20 08 
12 5F 3B 17 20 08 
12 5F 3B 17 21 08 
12 5E 3C 16 21 08 
12 5F 3C 17 21 08 
12 5F 3C 17 21 08 
12 5F 3C 17 20 08 
12 5F 3C 17 20 08 
12 5F 3C 17 20 08 
12 5F 3C 17 21 08 
12 5F 3D 17 21 08 
12 5F 3D 17 21 08 
12 5F 3D 17 21 08 
12 5F 3D 17 21 08 
12 5E 3D 16 20 08 
12 5E 3D 16 20 08 
12 5E 3D 16 20 08 
12 5E 3D 16 20 08 
12 5E 3D 16 20 08 
12 5D 3C 15 21 08 
12 5D 3C 15 21 08 
12 5D 3C 15 21 08 
12 5D 3C 15 21 09 
12 5D 3B 15 21 08 
12 5D 3B 15 21 08 
12 5D 3A 15 21 08 
12 5C 3A 14 21 08 
12 5C 39 14 21 08 
12 5D 39 15 21 08 
12 5C 39 14 21 08 
12 5C 38 14 21 08 
12 5C 38 14 21 08 
12 5C 37 14 21 08 
12 5C 37 14 21 08 
12 5C 36 14 20 08 
12 5B 36 13 20 09 
12 5C 34 14 20 08 
12 5B 34 13 20 08 
12 5B 33 13 20 08 
12 5B 33 13 20 08 
12 5B 33 13 20 08 
12 5B 32 13 20 08 
12 5B 32 13 20 08 
12 5B 31 13 20 08 
12 5A 31 12 20 08 
12 5A 30 12 20 08 
12 5A 30 12 20 08 
12 5B 2F 13 20 08 
12 5B 2F 13 20 08 
12 5A 2E 12 20 08 
12 5B 2E 13 20 08 
12 5B 2E 13 20 08 
12 5A 2E 12 09 08 
12 5A 2E 12 09 08 
12 59 2D 11 09 08 
12 59 2D 11 09 08 
12 5A 2D 12 09 08 
12 5A 2D 12 09 08 
12 5A 2C 12 09 08 
12 59 2C 11 09 08 
12 59 2B 11 09 08 
12 5A 2B 12 20 08 
12 59 2B 11 20 08 
12 59 2B 11 09 08 
12 59 2B 11 09 08 
12 59 2A 11 09 08 
12 59 2A 11 09 08 
12 59 2A 11 09 08 
12 59 2A 11 09 08 
12 5A 29 12 20 08 
12 5A 29 12 20 08 
12 59 29 11 20 08 
12 59 29 11 21 08 
12 5A 29 12 21 08 
12 59 29 11 21 08 
12 5A 29 12 21 08 
12 5A 29 12 21 08 
12 5A 29 12 21 08 
12 59 29 11 20 08 
12 5A 29 12 21 08 
12 5A 29 12 20 08 
12 5A 29 12 21 08 
12 5A 29 12 20 08 
12 5A 29 12 20 08 
12 5A 2A 12 20 08 
12 5A 2A 12 20 08 
12 5A 2A 12 20 08 
12 5A 2A 12 20 08 
12 5A 2A 12 20 08 
12 59 2B 11 20 08 
12 59 2B 11 20 08 
12 5A 2C 12 20 08 
12 5A 2C 12 20 08 
12 5A 2C 12 20 08 
12 59 2C 11 20 08 
12 59 2D 11 20 08 
12 59 2D 11 20 08 
12 5A 2E 12 20 08 
12 59 2E 11 20 08 
12 5A 2E 12 20 08 
12 5A 2E 12 20 08 
12 59 2E 11 20 08 
12 59 2E 11 20 08 
12 59 2E 11 20 08 
12 59 2F 11 09 08 
12 59 2F 11 09 08 
12 59 2F 11 09 08 
12 59 2F 11 09 08 
12 58 2F 10 09 08 
12 59 2F 11 09 08 
12 59 2F 11 09 08 
12 58 2F 10 09 08 
12 59 2F 11 09 08 
12 59 2E 11 09 07 
12 59 2E 11 09 08 
12 59 2E 11 09 08 
12 58 2E 10 09 08 
12 58 2E 10 09 08 
12 59 2E 11 09 08 
12 58 2E 10 09 08 
12 58 2E 10 09 08 
12 58 2D 10 09 09 
12 58 2D 10 09 08 
12 58 2D 10 09 08 
12 59 2D 11 09 08 
12 58 2D 10 09 08 
12 58 2D 10 09 08 
12 58 2D 10 09 08 
12 58 2C 10 09 08 
12 58 2C 10 09 08 
12 58 2C 10 09 08 
12 57 2C 0F 09 08 
12 58 2C 10 09 08 
12 58 2C 10 09 08 
12 58 2C 10 09 08 
12 58 2B 10 09 08 
12 57 2B 0F 09 08 
12 57 2B 0F 09 08 
12 58 2B 10 09 08 
12 57 2B 0F 09 08 
12 58 2B 10 09 08 
12 57 2A 0F 09 08 
12 58 2A 10 08 08 
12 58 2A 10 09 08 
12 58 2A 10 09 08 
12 57 2A 0F 08 08 
12 58 2A 10 09 08 
12 57 2A 0F 08 08 
12 58 2A 10 08 08 
12 57 2A 0F 08 08 
12 57 29 0F 08 08 
12 57 29 0F 08 09 
12 57 29 0F 08 08 
12 57 29 0F 08 08 
12 57 29 0F 08 08 
12 57 29 0F 08 08 
12 57 29 0F 08 08 
12 57 29 0F 08 08 
12 57 29 0F 08 08 
12 57 28 0F 08 08 
12 57 28 0F 08 08 
12 57 28 0F 08 08 
12 57 28 0F 08 08 
12 56 28 0E 08 08 
12 57 28 0F 08 08 
12 56 28 0E 08 08 
12 57 28 0F 08 08 
12 56 27 0E 08 08 
12 57 27 0F 08 08 
12 56 27 0E 08 08 
12 56 27 0E 08 08 
12 56 27 0E 08 08 
12 57 27 0F 08 08 
12 56 27 0E 08 08 
12 56 27 0E 08 08 
12 57 27 0F 08 08 
12 56 27 0E 08 08 
12 56 27 0E 08 08 
12 56 26 0E 08 08 
12 57 26 0F 08 08 
12 57 26 0F 08 07 
12 56 26 0E 08 08 
12 56 26 0E 08 08 
12 56 26 0E 08 08 
12 56 26 0E 08 08 
12 56 26 0E 08 08 
12 57 26 0F 08 08 
12 56 26 0E 08 08 
12 56 26 0E 08 08 
12 56 26 0E 08 08 
12 56 26 0E 08 08 
12 56 26 0E 08 08 
12 56 26 0E 08 08 
12 56 26 0E 09 08 
12 56 26 0E 09 08 
12 56 26 0E 08 08 
12 56 25 0E 09 08 
12 55 25 0D 08 08 
12 56 25 0E 09 08 
12 56 25 0E 08 08 
12 55 25 0D 09 08 
12 55 25 0D 08 08 
12 56 25 0E 09 08 
12 55 25 0D 09 08 
12 55 25 0D 09 09 
12 56 25 0E 09 08 
12 55 25 0D 08 08 
12 56 25 0E 09 08 
12 56 25 0E 08 08 
12 56 25 0E 09 08 
12 55 25 0D 09 08 
12 55 25 0D 09 08 
12 55 25 0D 09 08 
12 55 25 0D 09 08 
12 55 25 0D 09 08 
12 55 25 0D 09 08 
12 55 25 0D 09 08 
12 55 25 0D 09 08 
12 56 24 0E 09 08 
12 55 24 0D 09 08 
12 55 24 0D 09 08 
12 55 24 0D 09 08 
12 55 24 0D 09 08 
12 55 24 0D 09 08 
12 55 24 0D 09 08 
12 55 24 0D 09 08 
12 55 24 0D 09 08 
12 55 24 0D 09 08 
12 55 24 0D 09 08 
12 55 24 0D 09 08 
12 55 24 0D 09 08 
12 55 24 0D 09 08 
12 55 24 0D 09 08 
12 55 24 0D 09 08 
12 55 24 0D 09 08 
12 55 24 0D 09 08 
12 55 24 0D 09 08 
12 55 23 0D 09 08 
12 55 23 0D 09 08 
12 54 23 0C 09 08 
12 55 23 0D 09 08 
12 55 23 0D 09 08 
12 55 23 0D 09 08 
12 54 23 0C 09 08 
12 55 23 0D 09 08 
12 54 23 0C 09 08 
12 54 23 0C 09 08 
12 54 23 0C 09 08 
12 55 23 0D 09 08 
12 54 23 0C 08 08 
12 55 23 0D 09 08 
12 54 23 0C 09 08 
12 55 23 0D 09 08 
12 54 23 0C 09 08 
12 54 23 0C 09 08 
12 54 23 0C 08 08 
12 54 23 0C 08 08 
12 54 23 0C 08 08 
12 55 23 0D 09 08 
12 54 22 0C 09 08 
12 54 22 0C 09 08 
12 54 22 0C 09 08 
12 54 22 0C 08 08 
12 54 22 0C 09 08 
12 54 22 0C 09 09 
12 54 22 0C 09 08 
12 54 22 0C 09 08 
12 54 22 0C 09 08 
12 55 22 0D 09 08 
12 54 22 0C 08 08 
12 54 22 0C 08 08 
12 54 22 0C 09 09 
12 54 22 0C 09 08 
12 54 22 0C 08 08 
12 54 22 0C 09 08 
12 54 22 0C 08 08 
12 54 22 0C 08 08 
12 53 22 0B 08 08 
12 54 22 0C 08 08 
12 53 22 0B 08 08 
12 54 22 0C 08 08 
12 54 22 0C 08 08 
12 54 22 0C 08 08 
12 54 22 0C 08 08 
12 54 22 0C 08 08 
12 54 21 0C 08 08 
12 53 21 0B 08 08 
12 53 21 0B 08 09 
12 54 21 0C 08 08 
12 53 21 0B 08 08 
12 54 21 0C 08 08 
12 54 21 0C 08 08 
12 53 21 0B 08 09 
12 53 21 0B 08 08 
12 54 21 0C 08 08 
12 53 21 0B 08 08 
12 53 21 0B 09 08 
12 53 21 0B 08 08 
12 54 21 0C 09 08 
12 54 21 0C 09 08 
12 53 21 0B 08 08 
12 54 21 0C 08 08 
12 54 21 0C 09 08 
12 54 21 0C 09 08 
12 53 21 0B 08 08 
12 54 21 0C 08 08 
12 53 21 0B 08 08 
12 54 21 0C 08 08 
12 54 21 0C 08 08 
12 54 21 0C 08 08 
12 53 21 0B 08 08 
12 53 21 0B 08 08 
12 53 20 0B 08 09 
12 54 20 0C 08 08 
12 54 20 0C 08 09 
12 53 20 0B 08 08 
12 53 20 0B 08 08 
12 53 20 0B 08 08 
12 54 20 0C 08 08 
12 53 20 0B 08 08 
12 53 20 0B 08 09 
12 54 20 0C 08 07 
12 53 20 0B 08 08 
12 53 20 0B 08 08 
12 53 20 0B 08 08 
12 53 20 0B 08 08 
12 53 20 0B 08 08 
12 53 20 0B 08 08 
12 53 20 0B 08 08 
12 53 20 0B 08 09 
12 53 20 0B 08 08 
12 53 20 0B 08 08 
12 53 20 0B 08 08 
12 53 20 0B 08 08 
12 52 20 0A 08 08 
12 53 20 0B 08 08 
12 52 20 0A 08 08 
12 53 20 0B 08 08 
12 53 1F 0B 08 08 
12 53 1F 0B 08 08 
12 52 1F 0A 08 08 
12 53 1F 0B 08 08 
12 53 1F 0B 08 08 
12 52 1F 0A 08 08 
12 53 1F 0B 08 08 
12 53 1F 0B 08 08 
12 53 1F 0B 08 08 
12 53 1F 0B 08 08 
12 52 1F 0A 08 08 
12 53 1F 0B 08 08 
12 53 1F 0B 08 08 
12 53 1F 0B 08 08 
12 52 1F 0A 08 08 
12 53 1F 0B 09 08 
12 53 1F 0B 09 08 
12 53 1F 0B 08 08 
12 52 1F 0A 08 08 
12 53 1F 0B 08 08 
12 52 1F 0A 08 08 
12 52 1F 0A 08 08 
12 52 1F 0A 08 08 
12 53 1F 0B 08 08 
12 52 1F 0A 08 08 
12 53 1F 0B 08 08 
12 52 1F 0A 08 08 
12 52 1F 0A 08 08 
12 53 1F 0B 08 08 
12 53 1F 0B 08 08 
12 53 1F 0B 08 08 
12 53 1F 0B 08 08 
12 52 1F 0A 08 08 
12 53 1F 0B 08 08 
12 52 1F 0A 08 08 
12 53 1F 0B 08 08 
12 52 1F 0A 08 08 
12 52 1F 0A 08 08 
12 52 1F 0A 08 08 
12 52 1F 0A 08 08 
12 52 1F 0A 09 08 
12 52 1E 0A 08 08 
12 53 1E 0B 09 08 
12 53 1E 0B 08 08 
12 52 1E 0A 09 08 
12 52 1E 0A 09 08 
12 52 1E 0A 08 08 
12 52 1E 0A 09 08 
12 52 1E 0A 08 08 
12 52 1E 0A 09 08 
12 52 1E 0A 08 08 
12 52 1E 0A 09 08 
12 53 1E 0B 08 08 
12 52 1E 0A 09 08 
12 52 1E 0A 09 09 
12 52 1E 0A 08 08 
12 52 1E 0A 08 08 
12 52 1E 0A 08 08 
12 52 1E 0A 09 08 
12 52 1E 0A 09 08 
12 53 1E 0B 08 08 
12 52 1E 0A 09 08 
12 52 1E 0A 09 08 
12 52 1E 0A 08 08 
12 52 1E 0A 08 08 
12 52 1E 0A 09 08 
12 52 1E 0A 08 08 
12 52 1E 0A 08 08 
12 52 1E 0A 09 08 
12 52 1E 0A 08 08 
12 52 1D 0A 09 08 
12 52 1D 0A 09 08 
12 52 1D 0A 09 08 
12 52 1D 0A 09 08 
12 52 1D 0A 09 08 
12 52 1D 0A 08 08 
12 52 1D 0A 09 08 
12 52 1D 0A 09 08 
12 52 1D 0A 09 08 
12 52 1D 0A 09 08 
12 52 1D 0A 09 08 
12 52 1D 0A 09 08 
12 52 1D 0A 09 08 
12 52 1D 0A 09 09 
12 52 1D 0A 09 08 
12 52 1D 0A 09 08 
12 52 1D 0A 09 08 
12 52 1D 0A 09 08 
12 52 1D 0A 09 08 
12 52 1D 0A 09 08 
12 51 1D 09 09 08 
12 52 1D 0A 09 07 
12 52 1D 0A 09 08 
12 52 1D 0A 09 08 
12 52 1D 0A 09 08 
12 52 1D 0A 09 08 
12 52 1D 0A 09 08 
12 52 1D 0A 09 08 
12 52 1D 0A 09 08 
12 52 1D 0A 09 09 
12 52 1D 0A 09 08 
12 52 1D 0A 09 08 
12 52 1D 0A 09 08 
12 51 1D 09 09 08 
12 52 1D 0A 09 08 
12 52 1D 0A 09 08 
12 51 1D 09 09 09 
12 51 1D 09 09 08 
12 52 1D 0A 09 08 
12 51 1D 09 09 08 
12 52 1D 0A 09 08 
12 52 1D 0A 09 08 
12 52 1D 0A 09 08 
12 51 1D 09 09 08 
12 52 1D 0A 09 08 
12 51 1D 09 09 08 
12 52 1D 0A 09 08 
12 51 1D 09 09 08 
12 52 1D 0A 09 08 
12 51 1D 09 09 08 
12 52 1D 0A 09 08 
12 52 1D 0A 09 08 
12 52 1D 0A 09 08 
12 51 1D 09 09 08 
12 51 1D 09 09 08 
12 51 1D 09 09 08 
12 52 1D 0A 09 08 
12 52 1C 0A 09 08 
12 51 1C 09 09 08 
12 52 1C 0A 09 08 
12 51 1C 09 09 08 
12 52 1C 0A 09 08 
12 51 1C 09 09 08 
12 52 1C 0A 09 08 
12 51 1C 09 09 08 
12 52 1C 0A 09 08 
12 51 1C 09 09 08 
12 51 1C 09 09 08 
12 52 1C 0A 09 08 
12 52 1C 0A 09 08 
12 52 1C 0A 09 08 
12 51 1C 09 09 08 
12 51 1C 09 09 08 
12 52 1C 0A 09 08 
12 52 1C 0A 09 08 
12 51 1C 09 09 08 
12 51 1C 09 09 08 
12 51 1C 09 09 08 
12 52 1C 0A 09 08 
12 52 1C 0A 09 08 
12 51 1C 09 09 08 
12 52 1C 0A 09 08 
12 51 1C 09 09 08 
12 51 1C 09 09 08 
12 51 1C 09 09 08 
12 52 1C 0A 09 08 
12 51 1C 09 09 08 
12 51 1C 09 09 08 
12 51 1C 09 09 08 
12 51 1C 09 09 08 
12 52 1C 0A 09 08 
12 51 1C 09 09 08 
12 51 1C 09 09 08 
12 52 1C 0A 09 08 
12 51 1C 09 09 08 
12 51 1C 09 09 08 
12 52 1C 0A 09 08 
12 52 1C 0A 09 09 
12 51 1C 09 09 08 
12 51 1C 09 09 08 
12 51 1C 09 09 08 
12 51 1C 09 09 08 
12 52 1C 0A 09 08 
12 51 1C 09 09 08 
12 51 1C 09 09 08 
12 51 1C 09 09 08 
12 51 1C 09 09 08 
12 51 1C 09 09 08 
12 52 1C 0A 09 08 
12 51 1C 09 09 08 
12 52 1C 0A 09 08 
12 51 1C 09 09 08 
12 51 1C 09 09 08 
12 51 1C 09 09 08 
12 51 1C 09 09 08 
12 51 1C 09 09 08 
12 51 1B 09 09 08 
12 51 1B 09 09 08 
12 51 1B 09 09 08 
12 51 1B 09 09 08 
12 51 1B 09 09 08 
12 51 1B 09 09 08 
12 51 1B 09 09 08 
12 52 1B 0A 09 08 
12 51 1B 09 09 08 
12 51 1B 09 09 08 
12 51 1B 09 09 08 
12 51 1B 09 09 08 
12 51 1B 09 09 08 
12 51 1B 09 09 08 
12 51 1B 09 09 08 
12 51 1B 09 09 08 
12 52 1B 0A 09 08 
12 51 1B 09 09 08 
12 51 1B 09 08 08 
12 51 1B 09 09 08 
12 51 1B 09 08 08 
12 51 1B 09 09 08 
12 51 1B 09 09 08 
12 51 1B 09 09 08 
12 51 1B 09 09 08 
12 51 1B 09 09 08 
12 51 1B 09 09 08 
12 51 1B 09 08 08 
12 51 1B 09 09 08 
12 51 1B 09 09 08 
12 51 1B 09 09 08 
12 51 1B 09 09 08 
12 51 1B 09 09 08 
12 51 1B 09 09 08 
12 51 1B 09 09 08 
12 51 1B 09 09 08 
12 51 1B 09 09 08 
12 51 1B 09 09 09 
12 51 1B 09 09 08 
12 51 1B 09 09 08 
12 51 1B 09 09 08 
12 51 1B 09 09 08 
12 51 1B 09 09 08 
12 51 1B 09 09 08 
12 52 1B 0A 09 08 
12 52 1B 0A 09 08 
12 52 1B 0A 09 08 
12 52 1B 0A 09 08 
12 51 1B 09 09 08 
12 51 1B 09 09 08 
12 52 1B 0A 09 08 
12 51 1B 09 09 08 
12 52 1B 0A 09 09 
12 51 1B 09 09 08 
12 52 1B 0A 09 08 
12 51 1B 09 09 08 
12 52 1B 0A 09 08 
12 51 1B 09 09 08 
12 51 1B 09 09 08 
12 52 1C 0A 09 08 
12 52 1C 0A 09 08 
12 51 1C 09 09 08 
12 51 1C 09 09 08 
12 51 1C 09 09 08 
12 51 1C 09 09 08 
12 51 1C 09 09 08 
12 52 1C 0A 09 08 
12 51 1C 09 09 08 
12 52 1C 0A 09 08 
12 51 1C 09 09 08 
12 51 1C 09 09 08 
12 51 1C 09 09 08 
12 51 1C 09 09 08 
12 51 1C 09 09 08 
12 52 1C 0A 09 08 
12 52 1C 0A 09 08 
12 51 1C 09 09 08 
12 51 1C 09 09 08 
12 51 1C 09 09 08 
12 52 1C 0A 09 08 
12 52 1C 0A 09 09 
12 51 1C 09 09 08 
12 51 1C 09 09 08 
12 51 1C 09 09 08 
12 51 1C 09 09 08 
12 52 1B 0A 09 08 
12 51 1B 09 09 08 
12 52 1B 0A 09 08 
12 51 1B 09 09 08 
12 51 1B 09 09 08 
12 51 1B 09 09 08 
12 51 1B 09 09 08 
12 51 1B 09 08 08 
12 52 1B 0A 09 08 
12 51 1B 09 09 08 
12 51 1B 09 09 08 
12 51 1B 09 09 08 
12 51 1B 09 08 09 
12 51 1B 09 09 08 
12 51 1B 09 09 08 
12 51 1B 09 08 08 
12 51 1B 09 09 08 
12 51 1B 09 08 08 
12 51 1B 09 09 08 
12 51 1B 09 09 08 
12 51 1B 09 09 08 
12 51 1B 09 09 08 
12 51 1B 09 09 08 
12 51 1B 09 08 08 
12 51 1B 09 09 08 
12 51 1B 09 08 09 
12 51 1B 09 09 08 
12 51 1B 09 09 08 
12 51 1B 09 09 08 
12 51 1B 09 09 08 
12 51 1B 09 08 08 
12 51 1B 09 08 08 
12 51 1B 09 08 09 
12 51 1B 09 09 08 
12 51 1B 09 09 08 
12 51 1A 09 08 08 
12 51 1A 09 08 08 
12 51 1A 09 08 08 
12 51 1A 09 08 08 
12 51 1A 09 09 08 
12 51 1A 09 09 08 
12 51 1A 09 08 08 
12 51 1A 09 08 08 
12 51 1A 09 09 08 
12 51 1A 09 08 08 
12 51 1A 09 08 08 
12 51 1A 09 09 08 
12 50 1A 08 08 08 
12 51 1A 09 08 08 
12 51 1A 09 08 08 
12 51 1A 09 09 08 
12 51 1A 09 09 08 
12 50 1A 08 09 08 
12 51 1A 09 08 08 
12 50 1A 08 08 08 
12 51 1A 09 09 08 
12 51 1A 09 08 08 
12 51 1A 09 08 08 
12 51 1A 09 08 08 
12 50 1A 08 08 08 
12 50 1A 08 08 08 
12 50 1A 08 08 08 
12 51 1A 09 08 08 
12 51 1A 09 08 09 
12 51 1A 09 08 08 
12 51 1A 09 08 08 
12 50 1A 08 08 08 
12 50 1A 08 08 08 
12 50 1A 08 08 09 
12 50 1A 08 08 08 
12 51 1A 09 08 08 
12 50 1A 08 08 08 
12 51 1A 09 08 08 
12 51 1A 09 08 08 
12 51 1A 09 08 08 
12 50 1A 08 08 08 
12 51 1A 09 08 08 
12 50 1A 08 08 08 
12 50 1A 08 08 08 
12 50 1A 08 08 09 
12 50 1A 08 09 09 
12 50 1A 08 09 08 
12 51 1A 09 09 08 
12 51 1A 09 08 08 
12 51 1A 09 08 08 
12 52 1A 0A 08 08 
12 52 1A 0A 08 08 
12 52 1A 0A 08 08 
12 52 1A 0A 08 08 
12 52 1A 0A 09 08 
12 52 1A 0A 09 08 
12 53 1A 0B 08 08 
12 53 1A 0B 08 08 
12 53 1A 0B 08 08 
12 54 1A 0C 08 08 
12 55 1A 0D 08 08 
12 54 1B 0C 08 08 
12 54 1B 0C 08 08 
12 55 1B 0D 08 08 
12 55 1B 0D 08 08 
12 55 1C 0D 08 08 
12 55 1C 0D 09 08 
12 55 1C 0D 09 08 
12 56 1C 0E 09 08 
12 56 1C 0E 09 08 
12 55 1D 0D 09 08 
12 55 1D 0D 09 08 
12 56 1D 0E 09 08 
12 55 1D 0D 09 08 
12 56 1E 0E 09 08 
12 56 1E 0E 09 08 
12 56 1E 0E 09 08 
12 55 1E 0D 09 08 
12 56 1E 0E 08 08 
12 56 1F 0E 08 09 
12 55 1F 0D 08 08 
12 55 1F 0D 09 08 
12 55 1F 0D 08 08 
12 55 1F 0D 08 08 
12 55 1F 0D 08 09 
12 55 1F 0D 08 08 
12 54 1F 0C 08 08 
12 55 1F 0D 08 08 
12 54 1F 0C 08 08 
12 55 1F 0D 08 08 
12 54 1F 0C 08 08 
12 55 1F 0D 08 08 
12 55 1F 0D 08 07 
12 55 1F 0D 08 08 
12 54 1F 0C 08 08 
12 54 1F 0C 08 08 
12 54 1F 0C 08 08 
12 54 1F 0C 08 08 
12 55 1F 0D 08 08 
12 54 1F 0C 08 08 
12 54 1F 0C 08 08 
12 54 1F 0C 08 08 
12 54 1F 0C 08 08 
12 54 1F 0C 09 08 
12 54 1F 0C 08 08 
12 54 1E 0C 09 08 
12 53 1E 0B 09 09 
12 54 1E 0C 09 08 
12 54 1E 0C 09 08 
12 54 1E 0C 08 08 
12 53 1E 0B 09 08 
12 53 1E 0B 09 08 
12 53 1E 0B 09 08 
12 53 1E 0B 09 08 
12 53 1E 0B 09 08 
12 53 1E 0B 09 08 
12 54 1E 0C 09 08 
12 53 1E 0B 09 09 
12 54 1D 0C 09 08 
12 53 1D 0B 09 08 
12 53 1D 0B 09 08 
12 53 1D 0B 09 08 
12 53 1D 0B 09 08 
12 53 1D 0B 09 08 
12 53 1D 0B 09 08 
12 53 1D 0B 09 08 
12 53 1D 0B 09 08 
12 53 1D 0B 09 08 
12 53 1D 0B 09 08 
12 53 1D 0B 09 08 
12 53 1D 0B 09 08 
12 53 1D 0B 09 08 
12 53 1D 0B 09 08 
12 53 1D 0B 09 08 
12 53 1D 0B 09 08 
12 52 1D 0A 09 08 
12 53 1D 0B 09 08 
12 53 1D 0B 09 08 
12 52 1D 0A 09 08 
12 52 1D 0A 09 08 
12 52 1C 0A 09 08 
12 52 1C 0A 09 08 
12 53 1C 0B 09 08 
12 52 1C 0A 09 08 
12 52 1C 0A 09 08 
12 52 1C 0A 09 08 
12 53 1C 0B 09 08 
12 52 1C 0A 09 08 
12 52 1C 0A 09 08 
12 53 1C 0B 09 08 
12 52 1C 0A 09 08 
12 52 1C 0A 09 08 
12 53 1C 0B 09 08 
12 52 1C 0A 09 08 
12 53 1C 0B 09 08 
12 53 1C 0B 09 08 
12 52 1C 0A 09 08 
12 52 1C 0A 09 08 
12 53 1C 0B 09 08 
12 52 1C 0A 09 08 
12 52 1C 0A 09 08 
12 52 1C 0A 09 09 
12 53 1C 0B 09 08 
12 52 1C 0A 09 08 
12 52 1C 0A 09 08 
12 52 1C 0A 09 08 
12 52 1C 0A 09 08 
12 52 1C 0A 09 08 
12 52 1B 0A 09 08 
12 52 1B 0A 09 08 
12 52 1B 0A 09 08 
12 52 1B 0A 09 08 
12 52 1B 0A 09 08 
12 52 1B 0A 09 08 
12 52 1B 0A 09 08 
12 53 1B 0B 09 07 
12 53 1B 0B 09 08 
12 52 1B 0A 09 08 
12 52 1B 0A 09 08 
12 52 1B 0A 09 08 
12 52 1B 0A 09 08 
12 52 1B 0A 09 08 
12 52 1B 0A 09 08 
12 52 1B 0A 09 08 
12 52 1B 0A 09 08 
12 52 1B 0A 09 08 
12 52 1B 0A 09 08 
12 52 1B 0A 09 08 
12 52 1B 0A 09 08 
12 52 1B 0A 09 09 
12 52 1B 0A 09 08 
12 52 1B 0A 09 09 
12 52 1B 0A 09 08 
12 52 1B 0A 09 08 
12 52 1B 0A 09 08 
12 52 1B 0A 09 07 
12 52 1B 0A 09 08 
12 51 1B 09 09 08 
12 52 1B 0A 09 08 
12 52 1B 0A 09 08 
12 52 1B 0A 09 08 
12 52 1B 0A 09 08 
12 52 1B 0A 09 08 
12 52 1B 0A 09 08 
12 52 1B 0A 09 08 
12 52 1B 0A 09 08 
12 52 1B 0A 09 08 
12 52 1B 0A 09 08 
12 52 1B 0A 09 09 
12 52 1B 0A 09 08 
12 52 1B 0A 09 08 
12 52 1B 0A 09 08 
12 52 1B 0A 09 08 
12 52 1B 0A 09 08 
12 52 1B 0A 09 08 
12 52 1B 0A 09 08 
12 52 1B 0A 09 08 
12 52 1B 0A 09 08 
12 52 1B 0A 09 09 
12 52 1B 0A 09 08 
12 52 1B 0A 09 08 
12 52 1B 0A 09 08 
12 52 1B 0A 09 08 
12 52 1B 0A 09 08 
12 52 1B 0A 09 08 
12 52 1B 0A 09 08 
12 52 1B 0A 09 08 
12 52 1B 0A 09 08 
12 52 1B 0A 09 08 
12 51 1B 09 08 08 
12 52 1B 0A 09 08 
12 52 1B 0A 09 08 
12 52 1B 0A 08 08 
12 51 1B 09 08 08 
12 52 1B 0A 08 08 
12 52 1B 0A 09 08 
12 52 1A 0A 08 08 
12 51 1A 09 08 08 
12 52 1A 0A 09 08 
12 52 1A 0A 09 08 
12 52 1A 0A 08 08 
12 51 1A 09 08 08 
12 51 1A 09 09 08 
12 51 1A 09 08 08 
12 51 1A 09 08 08 
12 51 1A 09 08 08 
12 51 1A 09 08 08 
12 52 1A 0A 09 08 
12 52 1A 0A 08 08 
12 51 1A 09 08 08 
12 52 1A 0A 08 08 
12 51 1A 09 08 08 
12 52 1A 0A 08 08 
12 51 1A 09 08 08 
12 51 1A 09 08 08 
12 51 1A 09 08 08 
12 51 1A 09 08 08 
12 51 1A 09 08 08 
12 51 1A 09 08 08 
12 51 1A 09 08 08 
12 51 1A 09 08 08 
12 52 1A 0A 08 08 
12 51 1A 09 08 08 
12 51 1A 09 08 09 
12 51 1A 09 08 08 
12 52 1A 0A 08 08 
12 51 1A 09 08 08 
12 51 1A 09 08 08 
12 51 1A 09 08 07 
12 51 1A 09 08 08 
12 51 1A 09 08 08 
12 51 1A 09 08 08 
12 51 1A 09 08 08 
12 51 1A 09 08 08 
12 51 1A 09 08 08 
12 51 1A 09 08 08 
12 51 1A 09 08 08 
12 51 1A 09 08 08 
12 51 1A 09 08 08 
12 51 1A 09 08 08 
12 51 1A 09 08 08 
12 51 1A 09 08 08 
12 51 1A 09 08 08 
12 51 1A 09 08 08 
12 51 1A 09 08 08 
12 51 1A 09 08 08 
12 51 1A 09 08 08 
12 51 1A 09 08 08 
12 51 19 09 08 08 
12 51 19 09 08 08 
12 51 19 09 08 08 
12 51 19 09 08 08 
12 51 19 09 08 08 
12 51 19 09 08 08 
12 51 19 09 08 08 
12 51 19 09 08 08 
12 51 19 09 08 08 
12 50 19 08 08 08 
12 51 19 09 08 08 
12 51 19 09 08 09 
12 51 19 09 08 08 
12 51 19 09 08 08 
12 50 19 08 08 08 
12 51 19 09 08 08 
12 51 19 09 08 08 
12 51 19 09 08 08 
12 51 19 09 08 08 
12 51 19 09 08 08 
12 50 19 08 08 08 
12 50 19 08 08 08 
12 50 19 08 08 08 
12 51 19 09 08 08 
12 51 19 09 08 08 
12 51 19 09 08 08 
12 51 19 09 08 08 
12 51 19 09 08 08 
12 51 19 09 08 08 
12 50 19 08 08 08 
12 51 19 09 08 08 
12 50 19 08 08 08 
12 51 19 09 08 09 
12 51 19 09 08 08 
12 51 19 09 08 08 
12 50 19 08 08 08 
12 51 19 09 08 08 
12 51 19 09 08 08 
12 51 19 09 08 08 
12 50 19 08 08 08 
12 51 19 09 08 08 
12 51 19 09 08 08 
12 50 19 08 08 08 
12 51 19 09 08 08 
12 50 19 08 08 08 
12 50 19 08 08 08 
12 50 19 08 08 08 
12 50 19 08 08 08 
12 50 19 08 08 08 
12 50 19 08 08 08 
12 50 19 08 08 08 
12 51 18 09 08 08 
12 50 18 08 08 08 
12 51 18 09 08 08 
12 50 18 08 08 08 
12 51 18 09 08 08 
12 51 18 09 08 08 
12 50 18 08 08 08 
12 50 18 08 08 08 
12 50 18 08 08 08 
12 50 18 08 08 09 
12 50 18 08 08 08 
12 50 18 08 08 08 
12 50 18 08 08 08 
12 51 18 09 08 08 
12 51 18 09 08 08 
12 51 18 09 08 08 
12 51 18 09 08 08 
12 51 18 09 08 08 
12 51 18 09 09 08 
12 51 18 09 08 08 
12 51 18 09 08 08 
12 51 18 09 08 08 
12 51 18 09 08 08 
12 51 18 09 08 08 
12 51 18 09 08 08 
12 51 18 09 08 08 
12 51 18 09 08 08 
12 51 18 09 08 09 
12 51 18 09 08 08 
12 51 18 09 08 08 
12 50 18 08 08 09 
12 50 18 08 08 08 
12 51 18 09 08 08 
12 51 18 09 08 08 
12 51 18 09 08 08 
12 51 18 09 08 08 
12 50 18 08 08 08 
12 50 18 08 08 08 
12 50 18 08 08 08 
12 51 18 09 08 08 
12 50 18 08 08 08 
12 50 18 08 08 08 
12 50 18 08 08 08 
12 51 18 09 08 08 
12 51 18 09 08 08 
12 50 18 08 08 08 
12 50 18 08 08 08 
12 50 18 08 08 08 
12 50 18 08 08 08 
12 50 18 08 08 08 
12 50 18 08 08 08 
12 50 18 08 08 08 
12 50 18 08 08 08 
12 50 18 08 09 08 
12 50 18 08 08 08 
12 50 18 08 08 08 
12 50 18 08 08 08 
12 50 18 08 08 08 
12 50 18 08 09 08 
12 50 18 08 08 08 
12 50 18 08 08 08 
12 50 18 08 08 08 
12 50 18 08 08 08 
12 50 18 08 08 08 
12 50 18 08 08 08 
12 50 18 08 08 08 
12 50 18 08 08 08 
12 50 18 08 09 08 
12 50 18 08 08 08 
12 50 18 08 08 08 
12 50 17 08 08 08 
12 50 17 08 08 08 
12 50 17 08 08 08 
12 50 17 08 08 08 
12 50 17 08 08 09 
12 50 17 08 09 08 
12 50 17 08 08 08 
12 50 17 08 08 08 
12 50 17 08 08 08 
12 50 17 08 08 07 
12 51 17 09 08 08 
12 50 17 08 08 08 
12 51 17 09 09 08 
12 51 17 09 09 08 
12 51 17 09 09 08 
12 51 17 09 09 08 
12 50 17 08 09 08 
12 51 17 09 09 08 
12 51 17 09 08 08 
12 51 17 09 09 08 
12 51 17 09 09 08 
12 51 17 09 08 08 
12 51 17 09 08 08 
12 52 17 0A 09 08 
12 51 18 09 08 08 
12 51 18 09 08 08 
12 51 18 09 08 08 
12 51 18 09 08 08 
12 51 18 09 08 08 
12 51 18 09 08 08 
12 51 18 09 08 07 
12 51 18 09 08 08 
12 51 18 09 08 08 
12 51 18 09 08 08 
12 51 18 09 08 08 
12 51 18 09 08 08 
12 51 18 09 08 08 
12 50 18 08 08 08 
12 50 18 08 08 08 
12 51 18 09 08 08 
12 51 18 09 08 08 
12 51 18 09 08 08 
12 51 18 09 08 08 
12 50 18 08 08 08 
12 51 18 09 08 08 
12 50 18 08 08 08 
12 50 18 08 08 08 
12 50 18 08 08 08 
12 50 18 08 08 08 
12 50 18 08 08 08 
12 50 18 08 08 08 
12 51 18 09 08 08 
12 51 18 09 08 07 
12 50 18 08 08 08 
12 50 18 08 08 08 
12 50 18 08 08 08 
12 50 18 08 08 08 
12 50 18 08 08 08 
12 50 18 08 08 08 
12 50 17 08 08 08 
12 50 17 08 08 08 
12 50 17 08 08 08 
12 50 17 08 08 08 
12 50 17 08 08 08 
12 50 17 08 08 08 
12 50 17 08 09 08 
12 50 17 08 08 08 
12 50 17 08 08 08 
12 50 17 08 09 08 
12 50 17 08 09 08 
12 50 17 08 08 08 
12 4F 17 07 09 09 
12 50 17 08 08 08 
12 50 17 08 08 08 
12 50 17 08 09 08 
12 50 17 08 08 08 
12 50 17 08 09 08 
12 50 17 08 09 08 
12 50 17 08 08 08 
12 4F 17 07 09 08 
12 4F 17 07 09 08 
12 4F 17 07 08 08 
12 50 17 08 08 08 
12 50 17 08 09 08 
12 50 17 08 08 08 
12 4F 17 07 09 08 
12 50 17 08 09 08 
12 50 17 08 09 08 
12 50 17 08 08 08 
12 4F 17 07 09 08 
12 50 17 08 09 08 
12 50 17 08 09 08 
12 4F 17 07 09 08 
12 50 17 08 09 08 
12 50 16 08 09 08 
12 4F 16 07 09 08 
12 4F 16 07 09 08 
12 4F 16 07 09 08 
12 4F 16 07 09 08 
12 4F 16 07 09 09 
12 4F 16 07 09 08 
12 50 16 08 09 08 
12 4F 16 07 09 08 
12 4F 16 07 09 08 
12 4F 16 07 09 08 
12 4F 16 07 09 08 
12 50 16 08 09 08 
12 4F 16 07 09 08 
12 4F 16 07 09 08 
12 4F 16 07 09 08 
12 4F 16 07 09 08 
12 4F 16 07 09 08 
12 4F 16 07 09 08 
12 50 16 08 09 08 
12 4F 16 07 09 08 
12 4F 16 07 09 08 
12 4F 16 07 09 08 
12 4F 16 07 09 08 
12 4F 16 07 09 08 
12 4F 16 07 09 08 
12 4F 16 07 09 08 
12 4F 16 07 09 08 
12 4F 15 07 09 08 
12 4F 15 07 09 08 
12 4F 15 07 09 08 
12 4F 15 07 09 08 
12 4F 15 07 09 08 
12 4F 15 07 09 08 
12 4F 15 07 09 08 
12 4F 15 07 09 08 
12 4E 15 06 09 08 
12 4F 15 07 09 08 
12 4F 15 07 09 08 
12 4F 15 07 09 08 
12 4F 15 07 09 08 
12 4F 15 07 09 08 
12 4F 15 07 09 08 
12 4F 15 07 09 09 
12 4F 15 07 09 08 
12 4F 15 07 09 08 
12 4F 15 07 09 09 
12 4F 15 07 09 08 
12 4F 15 07 09 08 
12 4F 15 07 09 08 
12 4F 15 07 09 08 
12 4E 15 06 09 08 
12 4F 15 07 09 08 
12 4F 15 07 09 08 
12 4F 15 07 09 08 
12 4F 15 07 09 08 
12 4F 15 07 09 08 
12 4F 15 07 09 08 
12 4F 15 07 09 08 
12 4F 15 07 09 08 
12 4E 15 06 09 08 
12 4F 15 07 09 08 
12 4F 15 07 09 08 
12 4F 15 07 09 08 
12 4F 15 07 09 08 
12 4F 15 07 09 08 
12 4F 15 07 09 08 
12 4F 14 07 09 08 
12 4F 14 07 09 08 
12 4E 14 06 09 08 
12 4F 14 07 09 08 
12 4F 14 07 09 08 
12 4E 14 06 09 08 
12 4F 14 07 09 08 
12 4F 14 07 09 08 
12 4F 14 07 09 08 
12 4F 14 07 09 08 
12 4F 14 07 09 08 
12 4F 14 07 09 08 
12 4F 14 07 09 08 
12 4F 14 07 09 08 
12 4F 14 07 09 08 
12 4F 14 07 09 08 
12 4E 14 06 09 08 
12 4E 14 06 09 09 
12 4F 14 07 09 08 
12 4F 14 07 09 08 
12 4F 14 07 09 08 
12 4F 14 07 09 08 
12 4E 14 06 09 08 
12 4F 14 07 09 08 
12 4F 14 07 09 08 
12 4F 14 07 09 08 
12 4E 14 06 09 08 
12 4F 14 07 09 08 
12 4F 14 07 09 08 
12 4F 14 07 09 08 
12 4F 14 07 09 08 
12 4F 14 07 09 08 
12 4F 14 07 09 08 
12 4F 14 07 09 08 
12 4F 14 07 09 08 
12 4F 14 07 09 08 
12 4F 14 07 09 08 
12 4F 14 07 09 08 
12 4F 14 07 09 08 
12 4F 14 07 09 08 
12 4F 14 07 09 08 
12 4F 14 07 09 08 
12 4F 14 07 09 08 
12 4F 14 07 09 08 
12 4F 14 07 09 08 
12 4F 14 07 09 08 
12 4F 14 07 09 08 
12 4F 14 07 09 08 
12 4F 14 07 09 08 
12 4F 14 07 09 08 
12 4F 14 07 09 08 
12 4E 14 06 09 08 
12 4F 14 07 09 08 
12 4F 14 07 09 08 
12 4E 14 06 09 08 
12 4E 14 06 09 08 
12 4E 14 06 09 08 
12 4F 14 07 09 08 
12 4F 14 07 09 08 
12 4F 14 07 09 08 
12 4F 14 07 09 08 
12 4E 14 06 09 08 
12 4E 14 06 09 09 
12 4E 14 06 09 08 
12 4F 14 07 09 08 
12 4E 14 06 09 08 
12 4E 14 06 09 08 
12 4F 14 07 09 08 
12 4F 14 07 09 08 
12 4F 14 07 09 08 
12 4F 14 07 09 08 
12 4E 14 06 09 08 
12 4E 14 06 09 08 
12 4F 14 07 09 08 
12 4F 14 07 09 08 
12 4F 14 07 09 08 
12 4F 14 07 08 08 
12 4F 14 07 08 08 
12 4F 14 07 08 08 
12 4F 14 07 08 08 
12 4F 14 07 08 08 
12 50 14 08 08 08 
12 50 14 08 08 08 
12 4F 14 07 08 08 
12 50 14 08 08 08 
12 4F 14 07 08 08 
12 50 14 08 08 08 
12 50 14 08 08 08 
12 4F 14 07 08 08 
12 50 14 08 08 08 
12 50 14 08 08 08 
12 50 14 08 08 08 
12 50 14 08 08 08 
12 50 14 08 08 08 
12 50 15 08 08 08 
12 50 15 08 08 08 
12 50 15 08 08 08 
12 50 15 08 08 08 
12 50 15 08 08 08 
12 50 15 08 08 08 
12 50 15 08 08 08 
12 50 15 08 08 08 
12 50 15 08 08 08 
12 50 15 08 08 08 
12 50 15 08 08 08 
12 50 15 08 08 08 
12 50 15 08 08 08 
12 51 15 09 08 08 
12 50 15 08 08 09 
12 51 15 09 08 08 
12 51 15 09 08 08 
12 51 15 09 08 08 
12 51 15 09 08 08 
12 50 15 08 08 08 
12 51 15 09 08 08 
12 50 15 08 09 08 
12 50 15 08 08 08 
12 50 15 08 08 08 
12 50 15 08 09 08 
12 50 15 08 08 09 
12 51 15 09 08 08 
12 50 15 08 08 08 
12 50 15 08 08 08 
12 51 15 09 08 08 
12 51 15 09 08 08 
12 50 15 08 08 08 
12 50 15 08 08 09 
12 50 15 08 08 08 
12 50 15 08 08 08 
12 51 15 09 08 08 
12 51 15 09 08 09 
12 50 15 08 08 08 
12 51 15 09 08 08 
12 51 15 09 09 08 
12 50 16 08 08 08 
12 50 16 08 08 08 
12 50 16 08 08 08 
12 50 16 08 09 08 
12 51 16 09 08 08 
12 50 16 08 08 09 
12 51 16 09 09 08 
12 50 16 08 08 08 
12 50 16 08 09 08 
12 50 16 08 08 08 
12 50 16 08 09 08 
12 50 16 08 08 07 
12 50 16 08 09 08 
12 50 16 08 09 08 
12 50 16 08 09 08 
12 50 16 08 09 08 
12 50 16 08 09 08 
12 50 16 08 09 08 
12 50 16 08 09 08 
12 4F 16 07 09 08 
12 4F 16 07 09 08 
12 50 16 08 09 08 
12 50 16 08 09 08 
12 50 16 08 09 08 
12 50 16 08 09 08 
12 4F 16 07 09 08 
12 4F 16 07 09 09 
12 50 16 08 08 08 
12 50 16 08 09 08 
12 4F 16 07 09 08 
12 4F 15 07 09 08 
12 4F 15 07 09 08 
12 50 15 08 09 08 
12 4F 15 07 09 08 
12 50 15 08 09 08 
12 4F 15 07 09 08 
12 50 15 08 09 08 
12 50 15 08 09 08 
12 4F 15 07 09 08 
12 50 15 08 09 08 
12 50 15 08 09 08 
12 50 15 08 09 09 
12 4F 15 07 09 08 
12 50 15 08 09 08 
12 4F 15 07 09 08 
12 4F 15 07 09 08 
12 50 15 08 09 08 
12 4F 15 07 09 08 
12 50 15 08 09 08 
12 4F 15 07 09 08 
12 4F 15 07 09 08 
12 50 15 08 09 08 
12 4F 15 07 09 08 
12 50 15 08 09 08 
12 4F 15 07 09 08 
12 4F 15 07 09 08 
12 50 15 08 09 08 
12 50 15 08 09 08 
12 50 15 08 09 08 
12 4F 15 07 09 08 
12 4F 15 07 09 08 
12 50 15 08 09 08 
12 50 15 08 09 08 
12 4F 15 07 09 09 
12 4F 15 07 09 08 
12 4F 15 07 09 08 
12 4F 15 07 09 09 
12 4F 15 07 09 08 
12 4F 15 07 09 08 
12 4F 15 07 09 08 
12 4F 15 07 09 08 
12 50 15 08 09 08 
12 4F 15 07 09 08 
12 50 15 08 09 08 
12 4F 15 07 09 09 
12 4F 15 07 09 09 
12 4F 15 07 09 08 
12 4F 15 07 09 08 
12 4F 15 07 09 08 
12 4F 15 07 09 08 
12 4F 15 07 09 08 
12 50 15 08 09 08 
12 4F 15 07 09 08 
12 4F 15 07 09 08 
12 4F 15 07 09 08 
12 4F 15 07 09 08 
12 4F 15 07 09 08 
12 4F 15 07 09 08 
12 4F 15 07 09 08 
12 4F 15 07 09 08 
12 50 15 08 09 08 
12 4F 15 07 09 08 
12 50 15 08 09 08 
12 4F 15 07 09 08 
12 50 15 08 09 08 
12 4F 15 07 09 08 
12 4F 15 07 08 08 
12 50 15 08 09 08 
12 50 15 08 08 08 
12 50 15 08 08 08 
12 50 15 08 08 08 
12 50 15 08 09 08 
12 4F 15 07 09 08 
12 4F 15 07 09 08 
12 4F 15 07 09 08 
12 4F 15 07 09 08 
12 4F 15 07 09 08 
12 50 15 08 09 08 
12 50 15 08 09 08 
12 50 15 08 09 08 
12 50 15 08 09 08 
12 50 15 08 09 08 
12 50 15 08 09 08 
12 4F 15 07 09 08 
12 4F 15 07 09 08 
12 50 15 08 09 08 
12 4F 15 07 09 08 
12 4F 15 07 09 08 
12 50 15 08 09 08 
12 4F 15 07 09 08 
12 4F 15 07 09 08 
12 50 15 08 09 08 
12 4F 15 07 09 08 
12 4F 15 07 09 08 
12 4F 15 07 09 08 
12 4F 15 07 09 08 
12 50 15 08 09 08 
12 50 15 08 09 08 
12 4F 15 07 09 09 
12 4F 15 07 09 08 
12 4F 15 07 09 08 
12 4F 15 07 09 08 
12 50 15 08 09 08 
12 50 15 08 09 08 
12 50 15 08 09 08 
12 4F 15 07 09 08 
12 50 15 08 09 08 
12 4F 15 07 09 08 
12 4F 15 07 09 08 
12 4F 15 07 09 08 
12 4F 15 07 09 08 
12 4F 15 07 09 08 
12 4F 15 07 09 08 
12 50 15 08 09 08 
12 4F 15 07 09 09 
12 50 15 08 09 08 
12 4F 15 07 09 08 
12 50 15 08 09 08 
12 4F 15 07 09 08 
12 4F 15 07 09 08 
12 4F 15 07 09 08 
12 50 15 08 09 08 
12 50 15 08 09 08 
12 50 15 08 09 08 
12 4F 15 07 09 08 
12 50 15 08 09 08 
12 4F 15 07 09 08 
12 4F 15 07 09 08 
12 50 15 08 09 08 
12 4F 15 07 09 08 
12 4F 15 07 09 08 
12 4F 15 07 09 08 
12 4F 15 07 09 08 
12 4F 15 07 09 08 
12 4F 15 07 09 08 
12 4F 15 07 09 08 
12 50 15 08 09 09 
12 50 15 08 09 08 
12 4F 15 07 09 08 
12 50 15 08 09 08 
12 4F 15 07 09 08 
12 50 15 08 09 08 
12 50 15 08 09 08 
12 4F 15 07 09 08 
12 4F 15 07 09 08 
12 50 15 08 09 08 
12 4F 15 07 09 08 
12 4F 15 07 09 08 
12 4F 15 07 09 08 
12 4F 15 07 09 08 
12 50 15 08 09 08 
12 50 15 08 09 08 
12 4F 15 07 09 08 
12 4F 15 07 09 08 
12 4F 15 07 09 08 
12 50 15 08 09 08 
12 50 15 08 09 08 
12 4F 15 07 09 08 
12 4F 15 07 09 08 
12 4F 15 07 09 08 
12 4F 15 07 09 08 
12 4F 15 07 09 08 
12 4F 15 07 09 08 
12 50 15 08 09 08 
12 4F 15 07 09 08 
12 4F 15 07 09 08 
12 4F 15 07 09 08 
12 4F 15 07 09 08 
12 4F 15 07 09 08 
12 4F 15 07 09 08 
12 50 15 08 09 08 
12 50 15 08 09 08 
12 4F 15 07 09 08 
12 50 15 08 09 08 
12 4F 15 07 09 08 
12 50 15 08 09 08 
12 50 15 08 09 08 
12 4F 15 07 09 08 
12 50 15 08 09 08 
12 50 15 08 09 08 
12 50 15 08 09 08 
12 50 15 08 09 08 
12 4F 15 07 09 08 
12 4F 15 07 09 08 
12 4F 15 07 09 08 
12 4F 15 07 09 08 
12 50 15 08 09 08 
12 4F 15 07 09 08 
12 4F 15 07 09 08 
12 4F 15 07 09 08 
12 4F 14 07 09 08 
12 4F 14 07 09 08 
12 4F 14 07 09 08 
12 4F 14 07 09 08 
12 4F 14 07 09 08 
12 4F 14 07 09 08 
12 4F 14 07 09 09 
12 4F 14 07 09 08 
12 4F 14 07 09 09 
12 4F 14 07 09 08 
12 4F 14 07 09 08 
12 4F 14 07 09 08 
12 4F 14 07 09 08 
12 4F 14 07 09 08 
12 4F 14 07 09 08 
12 4F 14 07 09 08 
12 4F 14 07 09 08 
12 4E 14 06 09 08 
12 4F 14 07 09 08 
12 4F 14 07 09 07 
12 4F 14 07 09 08 
12 4F 14 07 09 08 
12 4F 14 07 09 08 
12 4F 14 07 09 08 
12 4F 14 07 09 08 
12 4F 14 07 09 08 
12 4F 14 07 09 08 
12 4F 14 07 09 08 
12 4F 14 07 09 08 
12 4F 14 07 09 08 
12 4F 14 07 09 08 
12 4F 14 07 09 08 
12 4F 14 07 09 08 
12 4F 14 07 09 08 
12 4F 14 07 09 08 
12 4F 14 07 09 08 
12 4F 14 07 09 08 
12 4F 14 07 09 08 
12 4F 14 07 09 08 
12 4F 14 07 09 08 
12 4F 14 07 09 08 
12 4F 14 07 09 08 
12 4F 14 07 09 08 
12 4F 14 07 09 08 
12 4F 14 07 09 08 
12 4F 14 07 09 08 
12 4F 14 07 09 08 
12 4F 14 07 09 08 
12 4F 14 07 09 08 
12 4F 14 07 09 08 
12 4F 14 07 09 08 
12 4F 14 07 09 08 
12 4F 14 07 09 08 
12 4F 14 07 09 08 
12 4E 14 06 09 08 
12 4F 14 07 09 08 
12 4F 14 07 09 08 
12 4F 14 07 09 08 
12 4F 14 07 09 08 
12 4E 13 06 09 08 
12 4E 13 06 09 08 
12 4F 13 07 09 08 
12 4F 13 07 09 08 
12 4F 13 07 09 08 
12 4F 13 07 09 08 
12 4E 13 06 09 08 
12 4F 13 07 09 08 
12 4F 13 07 09 08 
12 4F 13 07 09 08 
12 4F 13 07 09 08 
12 4F 13 07 09 08 
12 4F 13 07 09 08 
12 4E 13 06 09 08 
12 4F 13 07 09 08 
12 4F 13 07 09 09 
12 4F 13 07 09 08 
12 4F 13 07 09 08 
12 4F 13 07 09 07 
12 4E 13 06 09 08 
12 4E 13 06 09 08 
12 4F 13 07 09 08 
12 4F 13 07 09 08 
12 4F 13 07 09 08 
12 4F 13 07 09 08 
12 4F 13 07 09 08 
12 4F 13 07 09 08 
12 4F 13 07 09 08 
12 4F 13 07 09 08 
12 4F 13 07 09 08 
12 4F 13 07 09 08 
12 4F 13 07 09 08 
12 4F 13 07 09 08 
12 4F 13 07 09 08 
12 4F 13 07 09 08 
12 4F 14 07 09 08 
12 4F 14 07 09 08 
12 4F 14 07 09 08 
12 4F 14 07 09 08 
12 4F 14 07 09 08 
12 4F 14 07 09 08 
12 4F 14 07 09 08 
12 4F 14 07 09 08 

