12 5C 2B 18 20 07 
12 5C 2B 18 21 08 
12 5C 2B 18 21 07 
12 5D 43 19 21 08 
12 5C 43 18 20 07 
12 5C 5B 18 20 07 
12 5C 5B 18 21 08 
12 5C 72 18 21 07 
12 5B 72 17 20 07 
12 5C 87 18 20 07 
12 5B 87 17 20 08 
12 5A 9A 16 21 08 
12 5A 9A 16 21 07 
12 5A 9A 16 21 07 
12 5A AA 16 21 07 
12 59 AA 15 21 07 
12 5A B1 16 21 07 
12 5A B1 16 21 08 
12 5A B1 16 20 07 
12 5A B1 16 20 07 
12 59 AC 15 21 08 
12 59 AC 15 20 07 
12 5A A4 16 20 07 
12 5A A4 16 20 07 
12 5B A4 17 21 07 
12 5B 9C 17 21 08 
12 5B 9C 17 21 07 
12 5B 93 17 20 07 
12 5A 93 16 21 08 
12 5A 8C 16 21 07 
12 5A 8C 16 21 07 
12 59 86 15 20 08 
12 58 86 14 09 08 
12 58 81 14 09 07 
12 59 81 15 20 07 
12 57 7D 13 20 07 
12 57 7D 13 20 07 
12 57 7D 13 20 07 
12 57 79 13 09 07 
12 58 79 14 20 08 
12 57 75 13 20 08 
12 57 75 13 20 08 
12 57 72 13 20 07 
12 58 72 14 20 07 
12 57 6E 13 09 08 
12 57 6E 13 20 07 
12 57 6A 13 20 08 
12 56 6A 12 20 07 
12 56 6A 12 20 07 
12 57 65 13 20 07 
12 58 65 14 21 08 
12 57 61 13 21 07 
12 58 61 14 21 07 
12 57 5D 13 20 07 
12 58 5D 14 20 07 
12 57 5B 13 20 07 
12 58 5B 14 20 08 
12 57 5A 13 20 07 
12 58 5A 14 20 07 
12 56 5A 12 09 08 
12 57 59 13 09 08 
12 56 59 12 09 07 
12 56 58 12 09 08 
12 56 58 12 09 08 
12 55 57 11 08 08 
12 55 57 11 08 08 
12 55 56 11 08 07 
12 54 56 10 09 08 
12 53 54 0F 09 08 
12 54 54 10 09 08 
12 54 54 10 08 07 
12 53 52 0F 09 08 
12 52 52 0E 09 07 
12 53 4E 0F 09 08 
12 53 4E 0F 08 08 
12 53 49 0F 08 08 
12 53 49 0F 08 07 
12 54 45 10 08 07 
12 53 45 0F 08 08 
12 53 41 0F 08 07 
12 54 41 10 08 07 
12 54 3D 10 08 07 
12 53 3D 0F 08 08 
12 54 3D 10 08 07 
12 54 3A 10 08 07 
12 53 3A 0F 08 07 
12 54 38 10 09 07 
12 53 38 0F 08 07 
12 54 37 10 09 07 
12 54 37 10 09 08 
12 55 36 11 09 08 
12 55 36 11 09 07 
12 54 37 10 09 08 
12 55 37 11 08 07 
12 54 37 10 09 07 
12 55 39 11 09 07 
12 54 39 10 09 08 
12 55 3B 11 20 08 
12 55 3B 11 20 07 
12 55 3D 11 20 07 
12 55 3D 11 09 07 
12 54 3F 10 08 07 
12 54 3F 10 09 07 
12 54 41 10 09 08 
12 54 41 10 09 08 
12 53 41 0F 08 07 
12 52 41 0E 08 08 
12 52 41 0E 08 07 
12 52 40 0E 08 07 
12 52 40 0E 08 08 
12 51 3E 0D 08 08 
12 51 3E 0D 09 07 
12 52 3C 0E 09 06 
12 51 3C 0D 09 07 
12 50 38 0C 09 07 
12 51 38 0D 09 07 
12 50 34 0C 09 07 
12 50 34 0C 09 07 
12 51 34 0D 09 08 
12 50 30 0C 08 07 
12 50 30 0C 08 07 
12 50 2C 0C 08 08 
12 50 2C 0C 09 07 
12 4F 28 0B 09 08 
12 50 28 0C 08 08 
12 50 25 0C 08 07 
12 50 25 0C 09 07 
12 50 23 0C 09 07 
12 4F 23 0B 09 08 
12 4F 23 0B 09 07 
12 4F 21 0B 09 07 
12 4F 21 0B 09 08 
12 4F 1F 0B 09 08 
12 4F 1F 0B 09 07 
12 4F 1E 0B 09 07 
12 4F 1E 0B 09 07 
12 4F 1E 0B 09 07 
12 4F 1E 0B 09 07 
12 4F 1D 0B 09 07 
12 4F 1D 0B 09 08 
12 4F 1D 0B 09 07 
12 4F 1D 0B 08 07 
12 4F 1D 0B 09 08 
12 4F 1D 0B 09 08 
12 4F 1D 0B 09 07 
12 4F 1C 0B 09 07 
12 4F 1C 0B 08 07 
12 50 1C 0C 08 07 
12 4F 1C 0B 09 08 
12 4F 1C 0B 09 07 
12 4F 1C 0B 09 07 
12 4F 1C 0B 09 07 
12 4E 1C 0A 09 07 
12 4F 1C 0B 09 08 
12 4E 1C 0A 08 08 
12 4E 1C 0A 09 07 
12 4F 1C 0B 09 08 
12 4E 1C 0A 09 08 
12 4E 1C 0A 09 08 
12 4F 1C 0B 09 07 
12 4E 1B 0A 09 08 
12 4E 1B 0A 09 07 
12 4E 1B 0A 09 07 
12 4E 1B 0A 09 08 
12 4F 1B 0B 09 07 
12 4E 1B 0A 09 07 
12 4E 1B 0A 09 07 
12 4E 1A 0A 09 07 
12 4E 1A 0A 09 07 
12 4E 1A 0A 08 07 
12 4E 1A 0A 08 07 
12 4E 1A 0A 08 07 
12 4D 1A 09 08 07 
12 4D 19 09 08 07 
12 4E 19 0A 08 07 
12 4E 19 0A 08 08 
12 4E 18 0A 08 07 
12 4D 18 09 08 07 
12 4D 18 09 08 08 
12 4D 18 09 08 08 
12 4D 18 09 08 07 
12 4E 18 0A 08 08 
12 4E 17 0A 08 07 
12 4D 17 09 08 08 
12 4D 17 09 08 07 
12 4D 17 09 08 07 
12 4D 17 09 08 08 
12 4D 16 09 08 07 
12 4C 16 08 08 07 
12 4D 15 09 08 07 
12 4D 15 09 08 08 
12 4D 15 09 08 07 
12 4D 15 09 08 08 
12 4D 14 09 08 08 
12 4D 14 09 08 07 
12 4D 14 09 08 08 
12 4D 14 09 08 08 
12 4D 14 09 08 07 
12 4D 14 09 08 06 
12 4E 14 0A 08 07 
12 4D 14 09 08 07 
12 4D 14 09 08 07 
12 4E 14 0A 08 07 
12 4E 14 0A 08 08 
12 4E 14 0A 08 07 
12 4D 14 09 08 07 
12 4D 14 09 08 07 
12 4D 14 09 08 07 
12 4D 14 09 08 08 
12 4D 14 09 08 07 
12 47 08 03 01 07 
12 47 08 03 01 08 
12 47 07 03 08 07 
12 48 07 04 09 08 
12 4A 06 06 09 07 
12 4C 06 08 09 07 
12 4E 06 0A 08 08 
12 50 07 0C 09 08 
12 51 07 0D 20 08 
12 52 09 0E 20 08 
12 53 09 0F 20 07 
12 53 0E 0F 20 07 
12 54 0E 10 20 07 
12 54 13 10 09 07 
12 54 13 10 09 08 
12 55 19 11 08 07 
12 55 19 11 08 07 
12 54 19 10 08 08 
12 54 1F 10 09 08 
12 53 1F 0F 09 07 
12 53 25 0F 08 07 
12 53 25 0F 08 08 
12 53 2B 0F 08 07 
12 53 2B 0F 08 07 
12 52 33 0E 08 07 
12 52 33 0E 09 07 
12 51 3A 0D 09 07 
12 52 3A 0E 09 08 
12 51 3D 0D 09 08 
12 50 3D 0C 09 08 
12 50 3D 0C 08 08 
12 4F 3E 0B 08 07 
12 50 3E 0C 08 08 
12 4F 3B 0B 08 07 
12 4F 3B 0B 08 08 
12 4E 36 0A 08 07 
12 4E 36 0A 08 07 
12 4E 2F 0A 09 08 
12 4E 2F 0A 09 08 
12 4D 28 09 09 07 
12 4E 28 0A 09 08 
12 4D 28 09 09 08 
12 4D 24 09 08 07 
12 4D 24 09 08 08 
12 4E 20 0A 08 08 
12 4D 20 09 08 07 
12 4D 1D 09 08 07 
12 4D 1D 09 08 08 
12 4D 1A 09 08 07 
12 4D 1A 09 08 07 
12 4D 18 09 09 07 
12 4D 18 09 09 08 
12 4E 18 0A 08 07 
12 4E 16 0A 08 07 
12 4E 16 0A 09 07 
12 4E 15 0A 09 08 
12 4E 15 0A 09 08 
12 4E 15 0A 08 08 
12 4E 15 0A 08 08 
12 4F 15 0B 09 07 
12 4F 15 0B 09 08 
12 4E 15 0A 09 07 
12 4E 15 0A 08 08 
12 4E 15 0A 08 07 
12 4E 15 0A 08 08 
12 4E 15 0A 08 08 
12 4E 15 0A 08 08 
12 4E 15 0A 08 07 
12 4E 16 0A 08 07 
12 4E 16 0A 08 08 
12 4E 16 0A 08 07 
12 4D 16 09 08 07 
12 4E 16 0A 08 08 
12 4D 16 09 08 08 
12 4D 16 09 09 06 
12 4D 16 09 09 08 
12 4D 16 09 09 07 
12 4D 16 09 09 07 
12 4D 16 09 09 08 
12 4D 15 09 08 07 
12 4D 15 09 08 07 
12 4D 14 09 08 07 
12 4D 14 09 08 07 
12 4D 14 09 08 08 
12 4D 14 09 08 07 
12 4D 13 09 08 07 
12 4D 13 09 08 07 
12 4D 13 09 08 07 
12 4C 13 08 08 07 
12 4D 13 09 08 08 
12 4D 12 09 08 07 
12 4D 12 09 08 08 
12 4D 12 09 08 08 
12 4D 12 09 08 07 
12 4D 12 09 08 08 
12 4C 12 08 08 07 
12 4C 12 08 08 07 
12 4D 12 09 08 08 
12 4C 12 08 08 07 
12 4C 12 08 08 07 
12 4C 12 08 08 07 
12 4C 12 08 09 08 
12 4C 12 08 09 08 
12 4C 12 08 09 07 
12 4B 12 07 08 07 
12 4B 12 07 09 07 
12 4B 12 07 08 07 
12 4B 12 07 09 08 
12 4B 12 07 08 08 
12 4B 12 07 09 07 
12 4B 12 07 09 07 
12 4B 12 07 09 08 
12 4B 12 07 09 07 
12 4B 12 07 09 07 
12 4B 11 07 08 07 
12 4B 11 07 09 07 
12 4B 11 07 08 08 
12 4B 11 07 09 07 
12 4B 11 07 09 07 
12 4B 11 07 08 07 
12 4B 10 07 09 07 
12 4B 10 07 09 07 
12 4B 10 07 09 07 
12 4B 10 07 08 08 
12 4B 10 07 09 07 
12 4B 10 07 09 08 
12 4B 10 07 09 07 
12 4B 10 07 09 06 
12 4B 10 07 09 07 
12 4B 10 07 09 08 
12 4B 10 07 09 07 
12 49 06 05 09 07 
12 4A 06 06 09 08 
12 4B 06 07 08 08 
12 4D 07 09 08 07 
12 4E 07 0A 09 07 
12 50 09 0C 09 07 
12 51 09 0D 20 08 
12 52 09 0E 20 08 
12 53 0D 0F 20 07 
12 53 0D 0F 09 07 
12 53 12 0F 09 08 
12 53 12 0F 08 07 
12 53 17 0F 08 08 
12 53 17 0F 08 07 
12 54 1D 10 08 07 
12 53 1D 0F 08 07 
12 53 22 0F 09 07 
12 53 22 0F 09 08 
12 53 22 0F 09 06 
12 53 28 0F 08 08 
12 52 28 0E 08 08 
12 52 2F 0E 09 07 
12 52 2F 0E 08 06 
12 52 36 0E 09 07 
12 52 36 0E 08 08 
12 52 3B 0E 08 07 
12 51 3B 0D 08 08 
12 51 3E 0D 08 08 
12 52 3E 0E 08 07 
12 51 3E 0D 08 07 
12 51 3F 0D 08 08 
12 51 3F 0D 08 08 
12 51 3D 0D 08 07 
12 51 3D 0D 08 07 
12 51 3A 0D 09 08 
12 50 3A 0C 08 07 
12 50 36 0C 09 07 
12 50 36 0C 09 07 
12 50 32 0C 09 07 
12 50 32 0C 09 07 
12 4F 2E 0B 09 08 
12 4F 2E 0B 08 08 
12 4F 2E 0B 08 08 
12 4F 2A 0B 08 07 
12 4F 2A 0B 08 08 
12 4E 28 0A 08 08 
12 4E 28 0A 08 07 
12 4E 25 0A 08 08 
12 4D 25 09 08 07 
12 4E 23 0A 08 07 
12 4D 23 09 08 08 
12 4D 21 09 08 08 
12 4D 21 09 08 08 
12 4D 21 09 08 07 
12 4E 1F 0A 08 07 
12 4D 1F 09 08 07 
12 4D 1D 09 08 08 
12 4E 1D 0A 08 07 
12 4D 1C 09 08 08 
12 4D 1C 09 08 08 
12 4D 1A 09 08 08 
12 4D 1A 09 08 08 
12 4D 19 09 08 08 
12 4D 19 09 08 07 
12 4D 19 09 08 08 
12 4D 18 09 08 08 
12 4D 18 09 08 08 
12 4D 18 09 08 07 
12 4D 18 09 08 07 
12 4D 17 09 08 08 
12 4D 17 09 08 08 
12 4C 17 08 08 08 
12 4C 17 08 08 07 
12 4D 17 09 08 08 
12 4D 17 09 08 07 
12 4C 17 08 08 07 
12 4C 17 08 08 08 
12 4D 17 09 08 07 
12 4C 16 08 08 07 
12 4C 16 08 08 07 
12 4C 16 08 08 07 
12 4C 16 08 08 07 
12 4C 16 08 08 07 
12 4C 16 08 08 07 
12 4C 16 08 08 08 
12 4C 16 08 09 07 
12 4C 15 08 09 07 
12 4C 15 08 08 07 
12 4C 15 08 08 08 
12 4B 15 07 09 07 
12 4C 15 08 09 07 
12 4B 15 07 09 08 
12 4B 15 07 09 08 
12 4B 14 07 09 07 
12 4B 14 07 09 07 
12 4B 14 07 09 07 
12 4B 14 07 09 07 
12 4B 13 07 09 07 
12 4B 13 07 09 08 
12 4B 13 07 09 07 
12 4A 13 06 09 08 
12 4B 13 07 09 07 
12 4B 12 07 09 07 
12 4B 12 07 09 07 
12 4A 12 06 09 07 
12 4A 12 06 09 08 
12 4A 12 06 08 08 
12 4A 12 06 08 08 
12 4A 11 06 09 07 
12 4B 11 07 08 08 
12 4C 11 08 08 08 
12 4F 11 0B 21 07 
12 53 11 0F 29 07 
12 56 14 12 21 08 
12 5A 14 16 21 07 
12 60 1D 1C 29 07 
12 65 1D 21 40 07 
12 69 2E 25 41 07 
12 6B 2E 27 40 07 
12 6D 49 29 41 08 
12 6F 49 2B 28 08 
12 6E 49 2A 29 07 
12 6E 63 2A 21 08 
12 6D 63 29 21 07 
12 6D 7D 29 21 08 
12 6D 7D 29 21 07 
12 6C 98 28 28 08 
12 6B 98 27 28 07 
12 69 B2 25 29 08 
12 69 B2 25 28 07 
12 67 CC 23 20 08 
12 67 CC 23 21 07 
12 65 E6 21 20 07 
12 64 E6 20 21 08 
12 63 E6 1F 20 07 
12 62 FC 1E 21 08 
12 61 FC 1D 20 07 
12 60 07 1C 09 08 
12 5F 07 1B 09 07 
12 5E 07 1A 09 07 
12 5D 07 19 08 07 
12 5D 07 19 09 08 
12 5C 07 18 09 07 
12 5B 05 17 09 08 
12 5A 05 16 08 07 
12 59 05 15 08 07 
12 59 FD 15 08 08 
12 58 FD 14 09 08 
12 57 F1 13 09 07 
12 57 F1 13 09 07 
12 56 E1 12 09 08 
12 56 E1 12 09 07 
12 56 CF 12 09 07 
12 55 CF 11 08 07 
12 54 BB 10 08 07 
12 54 BB 10 08 08 
12 53 BB 0F 08 07 
12 53 A5 0F 08 07 
12 53 A5 0F 08 07 
12 53 8F 0F 08 08 
12 52 8F 0E 08 08 
12 52 78 0E 08 07 
12 52 78 0E 08 08 
12 52 60 0E 08 09 
12 51 60 0D 08 07 
12 51 49 0D 08 07 
12 51 49 0D 08 07 
12 50 38 0C 08 08 
12 50 38 0C 09 07 
12 4F 38 0B 09 08 
12 4F 2C 0B 09 08 
12 4F 2C 0B 09 07 
12 4F 25 0B 09 08 
12 4E 25 0A 09 07 
12 4E 21 0A 09 07 
12 4E 21 0A 09 07 
12 4E 1E 0A 09 07 
12 4E 1E 0A 09 08 
12 4E 1B 0A 09 07 
12 4E 1B 0A 09 07 
12 4E 1B 0A 09 08 
12 4D 19 09 09 07 
12 4D 19 09 09 07 
12 4D 17 09 09 09 
12 4D 17 09 09 08 
12 4D 15 09 09 07 
12 4C 15 08 09 08 
12 4C 14 08 09 08 
12 4C 14 08 09 08 
12 4C 13 08 09 07 
12 4C 13 08 09 07 
12 4C 13 08 09 08 
12 4C 12 08 09 08 
12 4C 12 08 09 08 
12 4C 12 08 09 08 
12 4C 12 08 09 08 
12 4C 11 08 09 06 
12 4C 11 08 09 08 
12 4C 11 08 09 07 
12 4C 11 08 09 07 
12 4B 11 07 09 08 
12 4C 11 08 09 08 
12 4B 11 07 09 07 
12 4C 10 08 09 08 
12 4C 10 08 09 08 
12 4B 10 07 09 07 
12 4C 10 08 09 08 
12 4C 10 08 09 07 
12 4C 10 08 09 08 
12 4C 10 08 09 08 
12 4C 10 08 09 07 
12 4C 10 08 09 07 
12 4F 15 0B 09 08 
12 52 15 0E 21 08 
12 55 17 11 21 08 
12 56 17 12 20 08 
12 57 1C 13 21 07 
12 58 1C 14 20 08 
12 59 23 15 20 08 
12 59 23 15 21 08 
12 5A 23 16 20 08 
12 59 2E 15 21 07 
12 59 2E 15 20 07 
12 59 3D 15 20 07 
12 58 3D 14 09 08 
12 58 4B 14 09 07 
12 57 4B 13 08 08 
12 57 58 13 08 07 
12 57 58 13 08 08 
12 56 62 12 09 07 
12 56 62 12 09 07 
12 55 6B 11 09 08 
12 56 6B 12 09 07 
12 55 6B 11 09 07 
12 55 72 11 09 08 
12 55 72 11 09 07 
12 55 75 11 08 08 
12 54 75 10 08 07 
12 54 73 10 08 08 
12 54 73 10 08 07 
12 54 6C 10 08 07 
12 53 6C 0F 08 08 
12 53 61 0F 08 07 
12 53 61 0F 08 07 
12 53 61 0F 08 07 
12 53 56 0F 09 07 
12 52 56 0E 09 08 
12 53 4B 0F 09 07 
12 52 4B 0E 09 07 
12 52 41 0E 09 08 
12 52 41 0E 09 08 
12 52 39 0E 09 07 
12 52 39 0E 09 08 
12 52 32 0E 09 07 
12 52 32 0E 09 07 
12 52 32 0E 09 08 
12 52 2D 0E 09 08 
12 52 2D 0E 09 08 
12 52 29 0E 09 07 
12 52 29 0E 09 08 
12 51 27 0D 09 07 
12 51 27 0D 08 08 
12 51 25 0D 08 07 
12 51 25 0D 08 08 
12 50 23 0C 08 08 
12 50 23 0C 08 07 
12 50 23 0C 08 07 
12 50 22 0C 08 07 
12 50 22 0C 08 07 
12 50 20 0C 08 08 
12 50 20 0C 08 08 
12 50 1F 0C 08 08 
12 4F 1F 0B 08 07 
12 50 1D 0C 08 08 
12 50 1D 0C 08 08 
12 50 1C 0C 08 07 
12 4F 1C 0B 09 07 
12 50 1B 0C 09 07 
12 50 1B 0C 09 08 
12 50 1B 0C 09 08 
12 50 1A 0C 09 08 
12 4F 1A 0B 09 08 
12 4F 1A 0B 08 07 
12 4F 1A 0B 08 08 
12 4F 19 0B 08 07 
12 4F 19 0B 08 08 
12 4E 19 0A 08 07 
12 4E 19 0A 08 08 
12 4E 18 0A 08 08 
12 4F 18 0B 08 07 
12 4F 18 0B 08 08 
12 4E 18 0A 08 07 
12 4F 18 0B 08 07 
12 4E 18 0A 08 07 
12 4E 18 0A 08 08 
12 4E 18 0A 08 08 
12 4E 18 0A 08 08 
12 4E 18 0A 08 07 
12 4E 18 0A 08 08 
12 4E 18 0A 08 08 
12 4E 18 0A 08 07 
12 4E 18 0A 08 08 
12 4E 18 0A 08 08 
12 4D 18 09 09 08 
12 4D 17 09 09 08 
12 4D 17 09 09 08 
12 4D 17 09 09 07 
12 4D 17 09 08 07 
12 4D 17 09 08 08 
12 4D 17 09 08 07 
12 4D 16 09 08 07 
12 4D 16 09 08 07 
12 4E 16 0A 09 08 
12 4F 16 0B 08 08 
12 52 16 0E 21 07 
12 55 16 11 21 07 
12 58 16 14 21 08 
12 5A 1A 16 21 07 
12 5A 1A 16 21 08 
12 5B 23 17 20 07 
12 5A 23 16 20 08 
12 5A 33 16 21 07 
12 5A 33 16 21 07 
12 59 47 15 20 08 
12 59 47 15 09 07 
12 59 47 15 09 08 
12 58 59 14 09 08 
12 58 59 14 08 08 
12 57 69 13 08 08 
12 57 69 13 08 07 
12 57 77 13 09 08 
12 56 77 12 08 08 
12 56 82 12 08 07 
12 55 82 11 08 08 
12 55 8B 11 08 08 
12 54 8B 10 08 07 
12 54 8B 10 08 07 
12 54 90 10 08 08 
12 53 90 0F 09 07 
12 53 8F 0F 09 07 
12 53 8F 0F 09 07 
12 52 84 0E 09 08 
12 52 84 0E 09 08 
12 52 73 0E 09 07 
12 51 73 0D 09 08 
12 51 62 0D 09 07 
12 51 62 0D 09 07 
12 51 51 0D 09 07 
12 51 51 0D 09 08 
12 51 51 0D 09 07 
12 50 43 0C 09 07 
12 50 43 0C 09 08 
12 50 38 0C 08 07 
12 50 38 0C 08 07 
12 50 2E 0C 08 07 
12 50 2E 0C 08 08 
12 50 28 0C 08 08 
12 4F 28 0B 08 07 
12 4F 24 0B 08 08 
12 4F 24 0B 08 08 
12 4F 24 0B 08 08 
12 4F 22 0B 08 07 
12 4F 22 0B 08 07 
12 4F 1F 0B 08 07 
12 4F 1F 0B 08 07 
12 4E 1D 0A 08 08 
12 4E 1D 0A 08 07 
12 4E 1C 0A 08 07 
12 4E 1C 0A 08 07 
12 4E 1A 0A 08 07 
12 4D 1A 09 08 07 
12 4E 1A 0A 08 07 
12 4D 19 09 08 08 
12 4D 19 09 09 08 
12 4D 1A 09 09 07 
12 4D 19 09 09 07 
12 4D 19 09 09 07 
12 4E 18 0A 08 07 
12 4F 18 0B 09 08 
12 4F 18 0B 09 07 
12 50 17 0C 09 06 
12 50 17 0C 08 08 
12 50 18 0C 09 08 
12 51 18 0D 09 07 
12 51 19 0D 09 07 
12 51 19 0D 09 07 
12 51 1B 0D 09 08 
12 51 1B 0D 09 07 
12 51 1E 0D 08 08 
12 51 1E 0D 08 07 
12 51 1E 0D 09 07 
12 52 21 0E 09 07 
12 52 21 0E 09 08 
12 52 24 0E 08 08 
12 51 24 0D 08 07 
12 51 27 0D 08 08 
12 51 27 0D 09 08 
12 51 2A 0D 09 07 
12 50 2A 0C 09 07 
12 50 2C 0C 08 07 
12 50 2C 0C 08 07 
12 50 2D 0C 08 08 
12 4F 2D 0B 08 08 
12 4F 2D 0B 08 07 
12 4F 2C 0B 08 08 
12 4F 2C 0B 08 07 
12 4E 29 0A 08 07 
12 4E 29 0A 08 08 
12 4E 27 0A 08 07 
12 4E 27 0A 09 07 
12 4E 24 0A 09 07 
12 4D 24 09 09 08 
12 4D 22 09 09 08 
12 4D 22 09 09 07 
12 4D 22 09 09 08 
12 4D 1F 09 09 07 
12 4D 1F 09 09 08 
12 4D 1C 09 09 07 
12 4D 1C 09 09 08 
12 4D 1A 09 08 07 
12 4D 1A 09 09 07 
12 4D 18 09 08 08 
12 4E 18 0A 08 07 
12 4E 16 0A 08 07 
12 4E 16 0A 08 08 
12 4E 16 0A 08 08 
12 4E 15 0A 08 07 
12 4E 15 0A 08 07 
12 4E 14 0A 08 08 
12 4F 14 0B 08 08 
12 50 13 0C 09 08 
12 52 13 0E 09 07 
12 54 13 10 08 08 
12 56 13 12 21 08 
12 57 16 13 20 07 
12 58 16 14 20 08 
12 58 16 14 20 08 
12 58 1B 14 21 07 
12 58 1B 14 20 07 
12 57 23 13 09 07 
12 56 23 12 08 08 
12 56 2B 12 08 08 
12 56 2B 12 09 07 
12 55 38 11 09 08 
12 55 38 11 08 08 
12 54 43 10 08 07 
12 54 43 10 09 07 
12 53 4B 0F 09 07 
12 53 4B 0F 09 07 
12 53 4B 0F 08 08 
12 52 52 0E 08 08 
12 52 52 0E 08 08 
12 51 57 0D 08 07 
12 51 57 0D 08 07 
12 51 5A 0D 08 08 
12 50 5A 0C 08 08 
12 50 58 0C 08 08 
12 4F 58 0B 09 08 
12 4F 51 0B 09 08 
12 4F 51 0B 09 07 
12 4F 51 0B 09 07 
12 4F 46 0B 09 08 
12 4E 46 0A 09 08 
12 4E 3A 0A 09 07 
12 4E 3A 0A 09 07 
12 4E 2E 0A 09 08 
12 4E 2E 0A 09 08 
12 4E 26 0A 09 07 
12 4D 26 09 09 07 
12 4D 22 09 09 07 
12 4D 22 09 09 07 
12 4D 22 09 09 07 
12 4D 1D 09 09 07 
12 4D 1D 09 09 07 
12 4C 1A 08 09 07 
12 4C 1A 08 09 08 
12 4C 18 08 09 07 
12 4C 18 08 09 07 
12 4C 16 08 08 07 
12 4C 16 08 09 08 
12 4B 14 07 08 07 
12 4B 14 07 08 07 
12 4B 14 07 08 07 
12 4B 13 07 08 07 
12 4B 13 07 08 07 
12 4B 12 07 08 07 
12 4B 12 07 08 07 
12 4A 11 06 08 07 
12 4A 11 06 08 07 
12 4A 10 06 08 07 
12 4A 10 06 08 08 
12 4A 0F 06 08 07 
12 4A 0F 06 08 07 
12 4A 0F 06 08 08 
12 4A 0F 06 08 08 
12 4A 0F 06 08 07 
12 4A 0E 06 08 08 
12 4A 0E 06 08 08 
12 4A 0E 06 08 08 
12 4A 0E 06 08 08 
12 4A 0D 06 08 08 
12 4A 0D 06 08 08 
12 4A 0D 06 08 08 
12 4A 0D 06 08 08 
12 4A 0D 06 08 07 
12 4A 0D 06 08 08 
12 4A 0D 06 08 08 
12 4A 0C 06 09 08 
12 4A 0C 06 09 08 
12 4A 0D 06 09 08 
12 4A 0D 06 09 08 
12 4A 0D 06 08 08 
12 4A 0D 06 08 07 
12 4B 0E 07 08 07 
12 4B 0E 07 08 07 
12 4B 0E 07 09 07 
12 4C 0E 08 09 07 
12 4C 0E 08 09 07 
12 4C 0F 08 09 08 
12 4D 0F 09 09 08 
12 4D 11 09 09 07 
12 4D 11 09 09 07 
12 4D 13 09 09 08 
12 4D 13 09 09 08 
12 4D 15 09 08 07 
12 4D 15 09 08 08 
12 4C 17 08 08 08 
12 4D 17 09 08 08 
12 4C 18 08 08 07 
12 4C 18 08 08 07 
12 4C 18 08 09 07 
12 4C 1A 08 09 07 
12 4C 1A 08 09 07 
12 48 0E 04 01 08 
12 48 0D 04 01 07 
12 48 0D 04 01 07 
12 48 0C 04 01 07 
12 48 0C 04 08 08 
12 48 0B 04 09 07 
12 49 0B 05 08 08 
12 4A 0B 06 09 08 
12 4B 0A 07 08 07 
12 4C 0A 08 08 08 
12 4D 0A 09 09 08 
12 4D 0A 09 09 07 
12 4E 0C 0A 09 08 
12 4F 0C 0B 09 07 
12 4F 0E 0B 08 08 
12 50 0E 0C 09 07 
12 50 11 0C 09 08 
12 51 11 0D 08 08 
12 51 15 0D 08 07 
12 51 15 0D 09 07 
12 51 15 0D 09 08 
12 51 19 0D 09 08 
12 51 19 0D 09 07 
12 51 1E 0D 08 08 
12 51 1E 0D 08 07 
12 51 22 0D 08 07 
12 51 22 0D 08 07 
12 50 26 0C 08 07 
12 51 26 0D 08 08 
12 51 2A 0D 08 07 
12 50 2A 0C 09 07 
12 50 2A 0C 08 08 
12 50 2E 0C 09 08 
12 50 2E 0C 09 08 
12 50 30 0C 09 08 
12 50 30 0C 09 08 
12 50 31 0C 09 07 
12 50 31 0C 09 07 
12 50 30 0C 09 08 
12 4F 30 0B 09 07 
12 4F 2E 0B 09 07 
12 4F 2E 0B 09 08 
12 50 2E 0C 09 08 
12 50 2B 0C 09 07 
12 50 2B 0C 08 08 
12 51 29 0D 08 08 
12 51 29 0D 08 07 
12 51 27 0D 08 07 
12 51 27 0D 08 07 
12 51 26 0D 08 08 
12 51 26 0D 08 08 
12 51 25 0D 08 06 
12 53 25 0F 20 08 
12 54 26 10 21 07 
12 57 26 13 20 07 
12 59 26 15 28 07 
12 5A 2C 16 29 07 
12 5B 2C 17 28 08 
12 5B 3C 17 21 07 
12 5B 3C 17 20 07 
12 5B 51 17 21 07 
12 5A 51 16 21 07 
12 5A 68 16 21 07 
12 5A 68 16 20 07 
12 59 7E 15 20 07 
12 59 7E 15 20 08 
12 58 7E 14 20 08 
12 58 91 14 09 08 
12 57 91 13 08 07 
12 57 A0 13 08 08 
12 56 A0 12 09 08 
12 55 AB 11 09 08 
12 55 AB 11 08 07 
12 54 B4 10 08 07 
12 54 B4 10 08 08 
12 53 B7 0F 09 07 
12 53 B7 0F 09 07 
12 53 B7 0F 09 08 
12 52 B3 0E 09 08 
12 52 B3 0E 09 07 
12 52 A5 0E 08 07 
12 51 A5 0D 08 08 
12 51 91 0D 08 08 
12 51 91 0D 08 07 
12 51 7B 0D 08 08 
12 50 7B 0C 08 08 
12 50 65 0C 08 08 
12 50 65 0C 08 07 
12 4F 52 0B 08 08 
12 4F 52 0B 08 08 
12 4F 52 0B 09 07 
12 4E 42 0A 09 07 
12 4E 42 0A 09 08 
12 4E 34 0A 09 08 
12 4E 34 0A 09 07 
12 4E 2A 0A 08 08 
12 4E 2A 0A 08 07 
12 4E 25 0A 08 07 
12 4E 25 0A 08 07 
12 4F 21 0B 09 07 
12 4F 21 0B 09 07 
12 4F 21 0B 09 08 
12 4F 1E 0B 09 08 
12 4F 1E 0B 08 08 
12 4F 1C 0B 08 07 
12 4F 1C 0B 08 07 
12 4F 1B 0B 08 08 
12 4F 1B 0B 08 08 
12 4E 1A 0A 08 07 
12 4E 1A 0A 08 07 
12 4E 19 0A 08 08 
12 4E 19 0A 08 07 
12 4E 19 0A 08 08 
12 4E 19 0A 08 08 
12 4E 19 0A 08 07 
12 4E 19 0A 08 07 
12 4D 19 09 08 08 
12 4E 19 0A 09 08 
12 4F 19 0B 08 07 
12 51 19 0D 09 07 
12 54 19 10 21 08 
12 57 1C 13 21 08 
12 59 1C 15 28 07 
12 5A 1C 16 29 08 
12 5B 22 17 28 07 
12 5B 22 17 21 07 
12 5B 2F 17 20 07 
12 5B 2F 17 21 08 
12 5A 44 16 21 08 
12 5A 44 16 20 07 
12 59 58 15 21 07 
12 58 58 14 20 08 
12 58 69 14 09 07 
12 57 69 13 08 07 
12 56 77 12 08 07 
12 56 77 12 09 08 
12 56 77 12 09 07 
12 55 82 11 08 07 
12 55 82 11 08 08 
12 54 8B 10 08 08 
12 54 8B 10 08 07 
12 53 91 0F 09 08 
12 53 91 0F 09 07 
12 53 92 0F 09 07 
12 52 92 0E 09 07 
12 52 8B 0E 09 08 
12 52 8B 0E 09 08 
12 52 8B 0E 08 07 
12 51 7C 0D 08 08 
12 51 7C 0D 08 08 
12 51 69 0D 09 08 
12 50 69 0C 09 07 
12 51 57 0D 09 07 
12 51 57 0D 08 08 
12 51 47 0D 08 07 
12 51 47 0D 08 08 
12 50 3B 0C 08 08 
12 51 3B 0D 09 07 
12 50 3B 0C 09 07 
12 50 32 0C 09 08 
12 50 32 0C 09 08 
12 50 2B 0C 09 07 
12 51 2B 0D 08 07 
12 52 28 0E 08 08 
12 53 28 0F 20 08 
12 53 28 0F 21 07 
12 54 28 10 20 07 
12 54 2C 10 20 08 
12 54 2C 10 09 08 
12 54 32 10 08 06 
12 53 32 0F 09 08 
12 53 32 0F 09 07 
12 53 39 0F 08 08 
12 53 39 0F 08 07 
12 52 3F 0E 08 07 
12 52 3F 0E 09 07 
12 51 43 0D 09 07 
12 51 43 0D 09 07 
12 51 46 0D 09 08 
12 51 46 0D 08 07 
12 50 47 0C 08 07 
12 50 47 0C 08 07 
12 50 47 0C 08 07 
12 4F 47 0B 08 07 
12 4F 47 0B 08 07 
12 4F 47 0B 09 08 
12 4E 47 0A 09 07 
12 4E 42 0A 09 07 
12 4E 42 0A 09 08 
12 4E 3A 0A 09 07 
12 4E 3A 0A 09 07 
12 4D 30 09 09 08 
12 4D 30 09 09 08 
12 4D 30 09 09 08 
12 4D 28 09 09 07 
12 4D 28 09 09 08 
12 4D 23 09 09 07 
12 4C 23 08 09 07 
12 4C 1F 08 09 08 
12 4C 1F 08 09 08 
12 4C 1B 08 09 08 
12 4C 1B 08 09 07 
12 4C 18 08 09 08 
12 4C 18 08 09 07 
12 4C 18 08 09 07 
12 4C 16 08 09 08 
12 4C 16 08 09 07 
12 4C 14 08 08 07 
12 4C 14 08 08 07 
12 4D 13 09 09 08 
12 4D 13 09 08 07 
12 4D 13 09 08 07 
12 4D 13 09 09 08 
12 4E 13 0A 09 08 
12 4F 13 0B 08 08 
12 50 15 0C 09 08 
12 52 15 0E 20 08 
12 52 15 0E 20 07 
12 52 17 0E 09 08 
12 52 17 0E 08 08 
12 52 1B 0E 09 08 
12 52 1B 0E 09 08 
12 52 1F 0E 08 08 
12 52 1F 0E 08 07 
12 51 22 0D 08 07 
12 52 22 0E 08 08 
12 51 26 0D 09 07 
12 52 26 0E 09 07 
12 53 26 0F 09 08 
12 52 29 0E 09 08 
12 52 29 0E 09 07 
12 52 30 0E 08 07 
12 52 30 0E 08 08 
12 51 36 0D 09 07 
12 51 36 0D 09 07 
12 50 3A 0C 08 07 
12 50 3A 0C 08 08 
12 50 3D 0C 08 07 
12 4F 3D 0B 08 08 
12 4F 3D 0B 08 08 
12 4F 3C 0B 09 08 
12 4F 3C 0B 09 07 
12 4E 39 0A 09 08 
12 4E 39 0A 09 07 
12 4E 34 0A 09 08 
12 4D 34 09 09 07 
12 4D 30 09 09 08 
12 4D 30 09 09 08 
12 4D 2B 09 09 07 
12 4D 2B 09 09 08 
12 4C 27 08 09 07 
12 4C 27 08 09 07 
12 4C 27 08 09 08 
12 4C 23 08 09 08 
12 4C 23 08 09 08 
12 4C 1F 08 09 07 
12 4C 1F 08 09 07 
12 4C 1C 08 09 07 
12 4B 1C 07 09 07 
12 4B 18 07 09 08 
12 4B 18 07 09 08 
12 4C 16 08 09 08 
12 4C 16 08 08 08 
12 4D 16 09 08 07 
12 50 15 0C 09 07 
12 53 15 0F 21 07 
12 55 17 11 20 07 
12 56 17 12 20 08 
12 57 1D 13 20 08 
12 58 1D 14 21 07 
12 59 26 15 20 07 
12 59 26 15 20 07 
12 5A 38 16 20 08 
12 5B 38 17 20 08 
12 5B 38 17 20 08 
12 5B 4D 17 21 08 
12 5A 4D 16 20 08 
12 5A 64 16 21 07 
12 59 64 15 20 07 
12 58 79 14 09 08 
12 58 79 14 08 08 
12 57 8A 13 09 08 
12 56 8A 12 08 08 
12 55 99 11 08 07 
12 55 99 11 09 07 
12 54 99 10 09 07 
12 53 A3 0F 09 07 
12 53 A3 0F 09 07 
12 53 A7 0F 09 07 
12 52 A7 0E 08 08 
12 52 A2 0E 08 07 
12 51 A2 0D 08 07 
12 51 96 0D 08 08 
12 51 96 0D 09 08 
12 50 85 0C 09 07 
12 50 85 0C 09 07 
12 4F 72 0B 09 08 
12 4F 72 0B 09 08 
12 4E 72 0A 09 07 
12 4E 5D 0A 09 07 
12 4E 5D 0A 08 07 
12 4E 4A 0A 08 07 
12 4E 4A 0A 08 08 
12 4D 39 09 09 07 
12 4D 39 09 08 07 
12 4D 2B 09 08 07 
12 4C 2B 08 08 07 
12 4C 24 08 08 08 
12 4C 24 08 08 08 
12 4C 24 08 08 07 
12 4C 1F 08 08 07 
12 4C 1F 08 08 07 
12 4B 1A 07 08 08 
12 4B 1A 07 08 07 
12 4C 17 08 08 08 
12 4B 17 07 08 07 
12 4B 14 07 08 06 
12 4B 14 07 08 07 
12 4B 12 07 08 07 
12 4B 12 07 09 08 
12 4B 12 07 09 07 
12 4B 10 07 08 08 
12 4B 10 07 08 07 
12 4B 10 07 08 07 
12 4C 10 08 09 08 
12 4C 10 08 09 08 
12 4C 10 08 09 07 
12 4D 12 09 09 08 
12 4E 12 0A 08 07 
12 4E 14 0A 08 08 
12 4F 14 0B 09 07 
12 4F 18 0B 09 08 
12 4F 18 0B 08 08 
12 50 18 0C 08 07 
12 50 1C 0C 08 07 
12 50 1C 0C 08 07 
12 50 20 0C 09 08 
12 50 20 0C 09 08 
12 50 24 0C 08 07 
12 4F 24 0B 08 07 
12 4F 29 0B 08 07 
12 4F 29 0B 08 08 
12 4F 2E 0B 09 08 
12 4F 2E 0B 09 08 
12 4F 2E 0B 09 07 
12 4F 33 0B 09 07 
12 4F 33 0B 09 07 
12 4E 36 0A 08 07 
12 4E 36 0A 08 07 
12 4E 36 0A 08 08 
12 4E 36 0A 08 08 
12 4D 34 09 09 07 
12 4D 34 09 09 08 
12 4D 31 09 09 07 
12 4C 31 08 09 08 
12 4C 31 08 09 07 
12 4C 2C 08 09 07 
12 4C 2C 08 09 08 
12 4C 27 08 09 08 
12 4B 27 07 08 08 
12 4C 24 08 09 08 
12 4C 24 08 09 08 
12 4D 20 09 09 07 
12 4E 20 0A 08 08 
12 4F 1E 0B 08 08 
12 50 1E 0C 08 08 
12 51 1E 0D 09 08 
12 52 1E 0E 09 07 
12 53 1E 0F 20 08 
12 54 20 10 20 07 
12 55 20 11 21 07 
12 55 25 11 21 08 
12 56 25 12 20 08 
12 56 30 12 20 08 
12 56 30 12 20 08 
12 57 41 13 21 07 
12 57 41 13 21 06 
12 57 54 13 20 07 
12 57 54 13 09 08 
12 56 54 12 08 07 
12 55 67 11 09 07 
12 55 67 11 09 08 
12 54 78 10 08 08 
12 54 78 10 08 07 
12 54 86 10 09 07 
12 53 86 0F 09 08 
12 52 90 0E 09 07 
12 52 90 0E 08 08 
12 51 94 0D 08 08 
12 51 94 0D 08 08 
12 51 94 0D 08 07 
12 50 93 0C 08 07 
12 50 93 0C 08 08 
12 4F 8C 0B 09 07 
12 4F 8C 0B 09 07 
12 4E 80 0A 09 07 
12 4E 80 0A 09 08 
12 4E 70 0A 09 08 
12 4E 70 0A 09 08 
12 4E 5D 0A 09 07 
12 4D 5D 09 09 07 
12 4D 5D 09 09 07 
12 4D 4B 09 09 08 
12 4D 4B 09 09 08 
12 4C 3A 08 09 07 
12 4C 3A 08 09 07 
12 4C 2C 08 09 07 
12 4C 2C 08 09 08 
12 4C 24 08 09 08 
12 4C 24 08 09 08 
12 4C 1F 08 09 08 
12 4C 1F 08 09 07 
12 4C 1B 08 09 07 
12 4C 1B 08 09 08 
12 4C 1B 08 09 08 
12 4C 18 08 09 07 
12 4C 18 08 09 08 
12 4B 16 07 09 07 
12 4B 16 07 09 07 
12 4B 15 07 09 07 
12 4C 15 08 09 07 
12 4B 14 07 08 07 
12 4C 14 08 08 07 
12 4C 13 08 08 07 
12 4C 13 08 08 08 
12 4C 13 08 08 07 
12 4D 13 09 08 07 
12 4D 13 09 09 07 
12 4D 14 09 08 08 
12 4E 14 0A 08 07 
12 4E 15 0A 09 07 
12 4F 15 0B 09 08 
12 50 17 0C 08 08 
12 50 17 0C 08 08 
12 51 1A 0D 08 07 
12 52 1A 0E 08 07 
12 52 1A 0E 08 07 
12 52 1F 0E 09 07 
12 51 1F 0D 08 08 
12 51 23 0D 08 07 
12 50 23 0C 08 07 
12 50 28 0C 09 07 
12 50 28 0C 08 08 
12 4F 2C 0B 08 08 
12 4F 2C 0B 08 07 
12 4F 31 0B 09 07 
12 4F 31 0B 09 08 
12 4E 31 0A 08 07 
12 4F 34 0B 08 07 
12 4E 34 0A 08 08 
12 4E 37 0A 08 07 
12 4E 37 0A 08 07 
12 4E 37 0A 08 07 
12 4E 37 0A 08 08 
12 4E 36 0A 08 07 
12 4E 36 0A 08 07 
12 4E 33 0A 08 06 
12 4D 33 09 08 08 
12 4D 2E 09 08 08 
12 4D 2E 09 08 07 
12 4D 2E 09 08 08 
12 4D 29 09 08 07 
12 4D 29 09 08 06 
12 4D 26 09 09 08 
12 4C 26 08 09 08 
12 4C 23 08 09 07 
12 4C 23 08 09 08 
12 4C 21 08 09 07 
12 4C 21 08 09 08 
12 4B 1F 07 09 07 
12 4B 1F 07 09 07 
12 4C 1F 08 08 07 
12 4C 1D 08 08 07 
12 4C 1D 08 09 08 
12 4D 1C 09 09 08 
12 4E 1C 0A 08 07 
12 4E 1B 0A 08 08 
12 4E 1B 0A 08 07 
12 4F 1B 0B 08 08 
12 4F 1B 0B 08 07 
12 4F 1C 0B 08 07 
12 4F 1C 0B 08 07 
12 50 1C 0C 08 08 
12 4F 1D 0B 08 07 
12 4F 1D 0B 09 07 
12 4F 1E 0B 09 08 
12 4F 1E 0B 09 07 
12 4F 20 0B 09 07 
12 4F 20 0B 08 08 
12 4E 21 0A 08 08 
12 4E 21 0A 08 07 
12 4E 22 0A 08 08 
12 4E 22 0A 08 07 
12 4E 23 0A 08 07 
12 4D 23 09 08 08 
12 4E 23 0A 08 07 
12 4D 24 09 08 07 
12 4D 24 09 08 07 
12 4D 24 09 08 07 
12 4D 24 09 08 07 
12 4D 24 09 08 08 
12 4D 24 09 08 07 
12 4D 23 09 08 07 
12 4C 23 08 08 07 
12 4C 22 08 08 08 
12 4C 22 08 08 08 
12 4C 22 08 09 08 
12 4C 20 08 09 07 
12 4C 20 08 09 07 
12 4B 1E 07 09 08 
12 4B 1E 07 09 07 
12 4B 1D 07 09 08 
12 4C 1D 08 08 07 
12 4C 1C 08 09 08 
12 4B 1C 07 09 07 
12 4B 1B 07 09 07 
12 4B 1B 07 09 08 
12 4B 1B 07 09 07 
12 4B 1A 07 09 07 
12 4A 1A 06 09 08 
12 4B 1A 07 09 07 
12 4A 1A 06 09 08 
12 4A 19 06 09 08 
12 4A 19 06 08 08 
12 4B 18 07 09 07 
12 4A 18 06 09 07 
12 4B 17 07 09 07 
12 4B 17 07 09 08 
12 4B 17 07 08 08 
12 4B 17 07 08 07 
12 4B 17 07 08 08 
12 4C 18 08 09 08 
12 4C 18 08 09 07 
12 4C 19 08 09 08 
12 4C 19 08 09 08 
12 4D 1A 09 09 07 
12 4E 1A 0A 08 07 
12 4E 1C 0A 08 07 
12 4E 1C 0A 08 08 
12 4F 1E 0B 08 08 
12 4F 1E 0B 08 07 
12 4F 1E 0B 09 07 
12 4E 21 0A 09 08 
12 4F 21 0B 09 08 
12 4E 24 0A 09 07 
12 4F 24 0B 09 08 
12 4E 27 0A 09 08 
12 4E 27 0A 09 08 
12 4E 2B 0A 08 08 
12 4E 2B 0A 09 07 
12 4E 30 0A 09 08 
12 4D 30 09 08 07 
12 4D 30 09 08 08 
12 4D 34 09 08 07 
12 4D 34 09 08 07 
12 4C 37 08 08 08 
12 4C 37 08 09 07 
12 4D 37 09 08 07 
12 4C 37 08 09 07 
12 4C 37 08 09 08 
12 4B 37 07 09 07 
12 4B 34 07 09 07 
12 4C 34 08 09 07 
12 4B 34 07 09 08 
12 4B 30 07 09 07 
12 4B 30 07 09 08 
12 4A 2B 06 09 07 
12 4B 2B 07 08 07 
12 4A 27 06 08 07 
12 4A 27 06 08 08 
12 4A 23 06 08 08 
12 49 23 05 08 07 
12 4A 1F 06 08 07 
12 4A 1F 06 08 07 
12 49 1B 05 08 07 
12 49 1B 05 08 07 
12 49 1B 05 08 08 
12 49 17 05 08 08 
12 49 17 05 08 07 
12 49 14 05 08 08 
12 49 14 05 08 07 
12 49 12 05 08 07 
12 49 12 05 08 08 
12 49 10 05 08 08 
12 49 10 05 08 08 
12 48 0F 04 08 07 
12 49 0F 05 08 07 
12 48 0F 04 08 07 
12 48 0E 04 08 07 
12 48 0E 04 01 07 
12 49 0D 05 08 08 
12 48 0D 04 01 08 
12 48 0C 04 08 08 
12 48 0C 04 01 07 
12 48 0C 04 08 08 
12 48 0C 04 08 07 
12 48 0C 04 01 07 
12 48 0C 04 01 07 
12 48 0C 04 01 08 
12 47 0B 03 01 07 
12 47 0B 03 01 07 
12 48 0B 04 08 07 
12 47 0B 03 08 07 
12 48 0B 04 08 07 
12 48 0B 04 08 08 
12 48 0B 04 08 07 
12 48 0B 04 08 07 
12 48 0B 04 09 07 
12 49 0B 05 09 07 
12 4A 0B 06 09 07 
12 4A 0B 06 08 07 
12 4A 0B 06 08 07 
12 49 0B 05 08 07 
12 4A 0B 06 09 07 
12 4A 0D 06 09 08 
12 4A 0D 06 09 08 
12 4A 0E 06 09 08 
12 4A 0E 06 09 07 
12 4A 0F 06 09 07 
12 4B 0F 07 08 08 
12 4C 11 08 08 08 
12 4F 11 0B 09 08 
12 4F 11 0B 20 08 
12 51 16 0D 21 08 
12 51 16 0D 21 07 
12 52 1D 0E 20 08 
12 52 1D 0E 21 08 
12 53 26 0F 21 08 
12 53 26 0F 21 07 
12 54 36 10 21 07 
12 53 36 0F 20 07 
12 53 49 0F 09 07 
12 52 49 0E 08 07 
12 53 49 0F 08 07 
12 52 5C 0E 09 08 
12 51 5C 0D 08 07 
12 51 6C 0D 08 07 
12 51 6C 0D 09 08 
12 50 79 0C 09 07 
12 50 79 0C 09 07 
12 4F 83 0B 08 07 
12 4F 83 0B 09 07 
12 4F 8B 0B 08 07 
12 4F 8B 0B 08 07 
12 4E 8B 0A 08 07 
12 4E 8D 0A 08 07 
12 4E 8D 0A 08 08 
12 4E 8A 0A 08 07 
12 4D 8A 09 08 07 
12 4D 82 09 09 07 
12 4C 82 08 09 07 
12 4D 76 09 09 07 
12 4D 76 09 09 08 
12 4C 67 08 09 07 
12 4C 67 08 09 07 
12 4B 58 07 09 07 
12 4C 58 08 09 07 
12 4C 58 08 09 08 
12 4B 4A 07 09 07 
12 4B 4A 07 09 07 
12 4B 3F 07 09 07 
12 4A 3F 06 08 08 
12 4A 36 06 08 07 
12 4A 36 06 08 07 
12 4A 2E 06 08 08 
12 4A 2E 06 08 08 
12 4A 28 06 08 07 
12 49 28 05 08 08 
12 49 28 05 08 07 
12 4A 24 06 08 07 
12 4A 24 06 08 07 
12 49 20 05 08 08 
12 49 20 05 08 08 
12 49 1D 05 08 06 
12 49 1D 05 09 07 
12 4A 1B 06 09 07 
12 4A 1B 06 09 08 
12 4B 19 07 08 08 
12 4B 19 07 08 07 
12 4B 19 07 09 08 
12 4B 18 07 08 07 
12 4B 18 07 08 07 
12 4C 17 08 08 07 
12 4B 17 07 09 08 
12 4B 17 07 09 07 
12 4B 17 07 09 07 
12 4B 17 07 09 07 
12 4B 17 07 09 07 
12 4B 18 07 09 07 
12 4E 0B 0A 20 08 
12 4F 0B 0B 21 08 
12 50 0D 0C 21 07 
12 52 0D 0E 20 07 
12 54 11 10 21 07 
12 56 11 12 21 07 
12 57 17 13 20 07 
12 58 17 14 20 08 
12 57 17 13 21 07 
12 58 1E 14 21 07 
12 58 1E 14 20 07 
12 58 27 14 20 08 
12 58 27 14 09 07 
12 58 33 14 09 08 
12 57 33 13 08 08 
12 57 41 13 08 08 
12 57 41 13 08 07 
12 57 4E 13 09 07 
12 55 4E 11 09 07 
12 55 59 11 09 07 
12 56 59 12 08 07 
12 55 59 11 08 07 
12 54 62 10 09 07 
12 54 62 10 09 07 
12 53 66 0F 09 07 
12 53 66 0F 09 08 
12 53 65 0F 09 08 
12 52 65 0E 09 07 
12 52 5F 0E 09 07 
12 52 5F 0E 09 08 
12 51 57 0D 08 07 
12 52 57 0E 09 07 
12 51 57 0D 08 08 
12 50 4D 0C 08 07 
12 50 4D 0C 08 08 
12 4F 43 0B 09 07 
12 50 43 0C 08 07 
12 50 39 0C 08 07 
12 4F 39 0B 08 07 
12 4F 2F 0B 09 08 
12 4E 2F 0A 09 07 
12 4E 28 0A 08 07 
12 4E 28 0A 08 07 
12 4F 28 0B 08 07 
12 4E 24 0A 08 06 
12 4E 24 0A 09 07 
12 4E 21 0A 09 08 
12 4F 21 0B 09 07 
12 4F 1F 0B 09 07 
12 4E 1F 0A 09 07 
12 4E 1E 0A 08 07 
12 4D 1C 09 08 07 
12 4D 1C 09 08 07 
12 4E 1C 0A 09 08 
12 4E 1C 0A 09 07 
12 4F 1C 0B 09 08 
12 50 1B 0C 09 08 
12 50 1B 0C 09 07 
12 51 1B 0D 09 07 
12 51 1B 0D 09 07 
12 50 1B 0C 09 07 
12 51 1C 0D 09 07 
12 51 1C 0D 09 07 
12 50 1C 0C 09 07 
12 51 1C 0D 09 07 
12 51 1D 0D 09 07 
12 52 1D 0E 09 08 
12 52 1E 0E 09 08 
12 52 1E 0E 09 07 
12 51 1E 0D 09 07 
12 51 1E 0D 08 07 
12 51 1E 0D 08 07 
12 51 1F 0D 08 07 
12 51 1F 0D 08 07 
12 51 1F 0D 08 07 
12 51 1F 0D 08 07 
12 51 1F 0D 08 07 
12 51 1F 0D 08 07 
12 51 1F 0D 08 07 
12 52 1F 0E 08 08 
12 52 1F 0E 08 08 
12 52 1F 0E 09 07 
12 52 1F 0E 09 08 
12 51 1F 0D 08 07 
12 51 1F 0D 09 07 
12 51 1E 0D 09 06 
12 52 1E 0E 09 07 
12 52 1E 0E 09 08 
12 51 1E 0D 09 07 
12 52 1D 0E 09 07 
12 52 1D 0E 09 07 
12 52 1D 0E 08 07 
12 53 1D 0F 09 07 
12 54 1E 10 09 08 
12 53 1E 0F 08 07 
12 54 1E 10 08 07 
12 53 1E 0F 08 07 
12 54 1E 10 08 07 
12 52 20 0E 08 07 
12 53 20 0F 08 07 
12 53 21 0F 09 08 
12 53 21 0F 09 08 
12 52 22 0E 09 07 
12 53 22 0F 09 09 
12 53 24 0F 08 07 
12 52 24 0E 08 08 
12 51 24 0D 09 08 
12 51 26 0D 09 07 
12 51 26 0D 09 07 
12 51 27 0D 09 07 
12 51 27 0D 09 08 

